AffyID	name	thr	mean	mean-thr	perc	min	max	sd	thrNum	hi	int	lo
ENSG00000139193	CD27	6.15	6.63	0.49	0.22	4.38	8.06	0.99	3	7	3	2
ENSG00000095951	HIVEP1	8.78	8.64	-0.14	-0.12	7.92	9.53	0.45	8	1	9	2
ENSG00000087116	ADAMTS2	4.32	4.32	0.0	0.0	4.32	4.32	0.0	0	0	12	0
ENSG00000134013	LOXL2	5.5	5.04	-0.46	-0.3	4.32	6.68	0.64	10	1	5	6
ENSG00000204257	HLA-DMA	8.21	8.12	-0.09	0.0	7.45	9.31	0.6	7	2	5	5
ENSG00000124731	TREM1	5.22	5.11	-0.12	0.0	4.32	6.54	0.75	7	4	3	5
ENSG00000115009	CCL20	6.65	6.41	-0.23	0.0	4.32	8.86	1.47	7	5	0	7
ENSG00000123500	COL10A1	4.48	4.35	-0.14	0.0	4.32	4.65	0.09	11	0	12	0
ENSG00000125968	ID1	6.21	5.36	-0.85	-0.3	4.32	8.23	1.14	10	2	2	8
ENSG00000128271	ADORA2A	5.63	5.84	0.21	0.12	4.32	6.83	0.7	4	5	5	2
ENSG00000204291	COL15A1	4.59	4.42	-0.16	-0.1	4.32	4.93	0.19	10	0	12	0
ENSG00000140945	CDH13	4.65	4.39	-0.26	-0.09	4.32	4.97	0.18	11	0	12	0
ENSG00000145850	TIMD4	4.6	4.41	-0.18	0.0	4.32	4.96	0.21	10	0	12	0
ENSG00000090104	RGS1	8.41	8.94	0.54	0.11	7.09	10.58	1.04	3	8	1	3
ENSG00000174130	TLR6	5.9	5.9	-0.0	0.0	4.32	7.26	0.89	6	3	6	3
ENSG00000177663	IL17RA	8.25	8.42	0.17	0.11	7.74	8.85	0.34	3	3	8	1
ENSG00000163161	ERCC3	7.38	7.44	0.06	0.33	7.17	7.6	0.13	3	0	12	0
ENSG00000034152	MAP2K3	9.54	9.39	-0.15	-0.12	8.7	10.09	0.45	8	2	8	2
ENSG00000134258	VTCN1	4.32	4.32	0.0	0.0	4.32	4.32	0.0	0	0	12	0
ENSG00000106804	C5	4.35	4.33	-0.02	0.0	4.32	4.37	0.01	11	0	12	0
ENSG00000138061	CYP1B1	8.53	8.71	0.18	0.0	7.33	9.78	0.62	4	3	8	1
ENSG00000163106	HPGDS	4.58	4.37	-0.22	0.0	4.32	4.84	0.14	11	0	12	0
ENSG00000260314	MRC1	6.59	6.81	0.22	0.0	4.32	8.92	1.51	5	6	2	4
ENSG00000125740	FOSB	6.59	6.59	-0.0	0.0	4.32	9.37	1.62	6	5	1	6
ENSG00000078081	LAMP3	8.7	8.29	-0.4	-0.33	7.12	9.74	0.83	9	3	3	6
ENSG00000011201	ANOS1	4.32	4.32	0.0	0.0	4.32	4.32	0.0	0	0	12	0
ENSG00000065618	COL17A1	4.32	4.32	0.0	0.0	4.32	4.32	0.0	0	0	12	0
ENSG00000164535	DAGLB	7.59	7.7	0.11	0.12	7.09	8.28	0.37	4	2	10	0
ENSG00000092009	CMA1	4.72	4.48	-0.24	-0.2	4.32	5.09	0.27	10	0	12	0
ENSG00000163737	PF4	4.32	4.32	0.0	0.0	4.32	4.32	0.0	0	0	12	0
ENSG00000169896	ITGAM	8.4	8.67	0.28	0.33	7.29	9.42	0.59	3	5	6	1
ENSG00000142867	BCL10	9.43	9.37	-0.06	-0.12	9.15	9.75	0.19	8	0	12	0
ENSG00000214944	ARHGEF28	5.34	5.18	-0.15	0.0	4.32	6.45	0.53	8	1	8	3
ENSG00000184979	USP18	6.23	5.45	-0.79	-0.3	4.32	7.53	1.03	10	2	2	8
ENSG00000105329	TGFB1	10.53	10.67	0.15	0.12	9.81	11.34	0.47	4	3	8	1
ENSG00000086730	LAT2	9.33	9.72	0.4	0.3	8.55	10.36	0.54	2	6	5	1
ENSG00000070193	FGF10	4.32	4.32	0.0	0.0	4.32	4.32	0.0	0	0	12	0
ENSG00000204482	LST1	7.0	6.54	-0.45	-0.4	5.52	7.78	0.63	10	2	5	5
ENSG00000091428	RAPGEF4	4.32	4.32	0.0	0.0	4.32	4.32	0.0	0	0	12	0
ENSG00000160593	JAML	9.44	9.97	0.52	0.12	6.82	12.55	1.77	4	7	1	4
ENSG00000087301	TXNDC16	7.75	7.75	-0.0	0.0	6.77	8.41	0.46	6	2	9	1
ENSG00000163734	CXCL3	8.44	7.9	-0.54	-0.22	6.11	9.81	1.08	9	3	2	7
ENSG00000102755	FLT1	6.33	6.33	-0.0	0.0	4.32	8.32	1.34	6	5	2	5
ENSG00000136068	FLNB	7.28	7.16	-0.12	0.0	5.92	8.4	0.8	7	3	5	4
ENSG00000177105	RHOG	9.1	9.15	0.05	0.0	8.45	9.82	0.37	5	1	9	2
ENSG00000131981	LGALS3	9.9	9.69	-0.21	0.0	8.89	11.31	0.69	8	2	5	5
ENSG00000221869	CEBPD	10.76	10.86	0.1	0.0	9.52	12.22	0.69	5	2	7	3
ENSG00000196664	TLR7	4.94	4.68	-0.26	-0.11	4.32	6.05	0.52	9	1	4	7
ENSG00000132155	RAF1	9.78	9.75	-0.03	0.0	9.47	10.09	0.19	7	0	12	0
ENSG00000105835	NAMPT	10.11	10.22	0.11	0.0	8.79	11.09	0.74	5	5	5	2
ENSG00000174059	CD34	4.32	4.32	0.0	0.0	4.32	4.32	0.0	0	0	12	0
ENSG00000139318	DUSP6	8.64	8.77	0.13	0.0	7.56	9.91	0.83	5	6	3	3
ENSG00000151882	CCL28	7.9	7.97	0.07	0.0	7.39	8.59	0.46	5	3	8	1
ENSG00000113070	HBEGF	4.83	4.67	-0.16	0.0	4.32	6.15	0.54	8	1	4	7
ENSG00000171049	FPR2	4.52	4.35	-0.16	0.0	4.32	4.72	0.11	11	0	12	0
ENSG00000162733	DDR2	4.89	4.47	-0.42	-0.27	4.32	5.39	0.29	11	1	4	7
ENSG00000171720	HDAC3	8.35	8.42	0.08	0.11	8.11	8.58	0.15	3	0	12	0
ENSG00000136810	TXN	11.86	11.38	-0.48	-0.22	9.85	12.95	0.97	9	3	2	7
ENSG00000183431	SF3A3	8.63	8.71	0.08	0.11	8.39	8.9	0.16	3	0	12	0
ENSG00000026508	CD44	12.05	12.05	-0.0	0.0	11.5	12.57	0.39	6	1	9	2
ENSG00000113249	HAVCR1	7.39	7.68	0.28	0.12	6.27	9.08	0.91	4	7	1	4
ENSG00000153879	CEBPG	9.58	9.77	0.19	0.22	9.06	10.33	0.37	3	2	9	1
ENSG00000121797	CCRL2	5.62	5.85	0.24	0.12	4.32	6.58	0.73	4	7	2	3
ENSG00000176170	SPHK1	4.87	4.87	0.0	0.0	4.32	5.45	0.38	6	1	9	2
ENSG00000197747	S100A10	10.11	10.01	-0.09	-0.12	9.58	10.52	0.3	8	0	11	1
ENSG00000158050	DUSP2	8.52	8.89	0.37	0.12	7.09	10.34	1.15	4	6	2	4
ENSG00000232810	TNF	10.15	9.75	-0.4	-0.12	7.88	11.88	1.26	8	4	1	7
ENSG00000150093	ITGB1	11.73	11.48	-0.25	-0.22	10.68	12.3	0.49	9	1	8	3
ENSG00000184557	SOCS3	7.11	7.4	0.3	0.12	5.0	9.35	1.07	4	4	6	2
ENSG00000108405	P2RX1	4.32	4.32	0.0	0.0	4.32	4.32	0.0	0	0	12	0
ENSG00000174775	HRAS	6.87	6.91	0.04	0.14	6.33	7.36	0.3	5	0	11	1
ENSG00000039068	CDH1	4.49	4.35	-0.13	-0.09	4.32	4.65	0.09	11	0	12	0
ENSG00000164400	CSF2	7.08	8.46	1.38	0.22	4.32	12.46	2.8	3	8	1	3
ENSG00000197646	PDCD1LG2	4.73	4.52	-0.2	0.0	4.32	5.39	0.37	9	1	11	0
ENSG00000090863	GLG1	10.37	10.47	0.1	0.33	10.12	10.89	0.21	3	1	11	0
ENSG00000174175	SELP	4.32	4.32	0.0	0.0	4.32	4.32	0.0	0	0	12	0
ENSG00000172243	CLEC7A	6.42	6.09	-0.33	-0.12	4.32	8.33	1.11	8	3	3	6
ENSG00000122025	FLT3	5.29	5.6	0.3	0.22	4.32	6.36	0.6	3	5	6	1
ENSG00000155090	KLF10	9.29	9.63	0.34	0.25	7.65	11.19	1.1	4	6	2	4
ENSG00000112149	CD83	9.59	10.08	0.49	0.11	8.2	11.42	0.96	3	8	1	3
ENSG00000154734	ADAMTS1	6.85	6.98	0.12	0.0	5.5	8.5	0.88	5	5	4	3
ENSG00000085511	MAP3K4	8.78	8.88	0.1	0.0	8.24	9.3	0.32	4	1	10	1
ENSG00000186810	CXCR3	8.94	8.8	-0.14	-0.14	7.01	10.91	1.04	7	3	4	5
ENSG00000188676	IDO2	4.32	4.32	0.0	0.0	4.32	4.32	0.0	0	0	12	0
ENSG00000004468	CD38	9.41	9.13	-0.28	0.0	7.97	10.81	0.86	8	3	1	8
ENSG00000140678	ITGAX	9.8	9.8	-0.0	0.0	8.72	10.59	0.55	6	3	7	2
ENSG00000180871	CXCR2	6.76	6.04	-0.72	-0.3	4.32	8.28	1.03	10	2	2	8
ENSG00000136244	IL6	7.44	6.17	-1.27	0.0	4.32	10.48	2.3	9	3	0	9
ENSG00000121578	B4GALT4	7.45	7.47	0.02	0.0	7.24	7.71	0.15	5	0	12	0
ENSG00000171860	C3AR1	7.21	7.21	-0.0	0.0	6.06	8.21	0.61	6	2	8	2
ENSG00000112902	SEMA5A	4.32	4.32	0.0	0.0	4.32	4.32	0.0	0	0	12	0
ENSG00000113319	RASGRF2	5.26	4.98	-0.28	-0.33	4.32	6.41	0.61	9	1	7	4
ENSG00000121858	TNFSF10	10.76	10.18	-0.58	-0.11	8.72	12.33	1.13	9	3	1	8
ENSG00000166090	IL25	4.32	4.32	0.0	0.0	4.32	4.32	0.0	0	0	12	0
ENSG00000163131	CTSS	11.39	11.48	0.09	0.14	10.71	12.55	0.62	5	3	5	4
ENSG00000002586	CD99	9.86	9.83	-0.03	0.0	9.4	10.17	0.2	7	0	12	0
ENSG00000123610	TNFAIP6	5.78	5.67	-0.11	0.0	4.54	7.12	0.75	7	3	4	5
ENSG00000160255	ITGB2	10.39	10.46	0.07	0.0	9.34	11.41	0.5	5	2	9	1
	ERCC_00034.1	6.68	6.64	-0.05	0.0	6.46	6.93	0.15	8	0	12	0
ENSG00000113525	IL5	4.45	4.34	-0.11	0.0	4.32	4.58	0.07	11	0	12	0
ENSG00000135077	HAVCR2	9.72	10.04	0.32	0.12	8.15	11.79	1.13	4	5	4	3
ENSG00000154222	CC2D1B	8.7	8.74	0.04	0.14	8.29	9.22	0.28	5	1	11	0
ENSG00000112984	KIF20A	4.88	4.52	-0.36	-0.1	4.32	5.72	0.42	10	1	2	9
ENSG00000181649	PHLDA2	4.67	4.62	-0.05	0.0	4.32	5.16	0.3	7	0	12	0
ENSG00000226979	LTA	9.65	8.45	-1.19	0.0	6.09	12.08	2.16	9	3	0	9
ENSG00000104998	IL27RA	8.03	7.96	-0.07	0.0	7.47	8.71	0.45	7	2	7	3
ENSG00000198746	GPATCH3	6.03	5.92	-0.11	-0.12	5.48	6.52	0.34	8	0	10	2
ENSG00000023445	BIRC3	11.2	11.72	0.52	0.0	9.41	13.01	1.01	3	9	1	2
ENSG00000198223	CSF2RA	8.16	8.02	-0.14	-0.12	7.55	8.96	0.44	8	1	7	4
ENSG00000160791	CCR5	7.9	8.38	0.48	0.22	6.68	10.04	0.93	3	7	2	3
ENSG00000134748	PRPF38A	10.38	10.45	0.07	0.0	10.18	10.74	0.15	3	0	12	0
ENSG00000174125	TLR1	8.62	8.54	-0.08	0.0	7.78	9.41	0.54	7	3	6	3
ENSG00000197405	C5AR1	5.88	5.41	-0.46	-0.11	4.32	7.26	0.9	9	2	2	8
ENSG00000074771	NOX3	4.32	4.32	0.0	0.0	4.32	4.32	0.0	0	0	12	0
ENSG00000101665	SMAD7	11.01	10.91	-0.1	0.0	10.15	12.0	0.64	7	3	3	6
ENSG00000188389	PDCD1	5.18	4.96	-0.22	-0.12	4.32	6.47	0.69	8	3	4	5
ENSG00000104774	MAN2B1	8.04	7.95	-0.1	0.0	7.54	8.61	0.32	8	1	10	1
ENSG00000175592	FOSL1	5.35	5.24	-0.11	0.0	4.32	6.44	0.76	7	3	4	5
ENSG00000143320	CRABP2	5.8	5.59	-0.2	-0.12	4.33	7.09	0.7	8	2	5	5
ENSG00000108691	CCL2	10.03	9.84	-0.19	0.0	6.94	11.81	1.37	7	4	3	5
ENSG00000187837	HIST1H1C	12.29	12.39	0.1	0.0	11.24	13.08	0.64	5	5	5	2
ENSG00000173578	XCR1	4.32	4.32	0.0	0.0	4.32	4.32	0.0	0	0	12	0
ENSG00000159388	BTG2	10.03	9.87	-0.16	-0.12	8.96	10.84	0.56	8	2	7	3
ENSG00000173757	STAT5B	9.45	9.72	0.27	0.33	8.78	10.23	0.52	3	6	4	2
ENSG00000121966	CXCR4	12.14	12.85	0.7	0.11	10.14	14.2	1.32	3	9	0	3
ENSG00000025434	NR1H3	4.73	4.57	-0.16	-0.22	4.32	5.1	0.3	9	0	12	0
ENSG00000171617	ENC1	7.44	7.65	0.21	0.0	5.3	10.5	1.49	5	6	1	5
ENSG00000115415	STAT1	12.3	11.99	-0.31	0.0	10.94	13.55	0.95	8	3	1	8
ENSG00000164047	CAMP	4.32	4.32	0.0	0.0	4.32	4.32	0.0	0	0	12	0
ENSG00000027697	IFNGR1	10.64	10.76	0.11	0.0	10.1	11.47	0.37	4	1	10	1
ENSG00000157554	ERG	4.32	4.32	0.0	0.0	4.32	4.32	0.0	0	0	12	0
ENSG00000163558	PRKCI	7.35	7.19	-0.17	-0.33	6.55	8.0	0.37	9	1	10	1
ENSG00000197561	ELANE	5.39	4.87	-0.52	-0.2	4.32	6.58	0.66	10	1	3	8
ENSG00000174123	TLR10	5.18	4.9	-0.28	-0.33	4.32	6.13	0.56	9	1	5	6
ENSG00000100644	HIF1A	11.87	11.71	-0.16	-0.25	10.55	12.76	0.57	8	1	8	3
ENSG00000165527	ARF6	11.85	11.8	-0.05	0.0	11.27	12.32	0.34	7	0	11	1
ENSG00000186827	TNFRSF4	4.97	4.73	-0.23	-0.22	4.32	5.75	0.46	9	1	6	5
ENSG00000131979	GCH1	10.13	9.64	-0.49	-0.11	8.64	11.52	0.92	9	3	1	8
ENSG00000177606	JUN	9.05	9.67	0.62	0.2	7.98	10.63	0.8	2	8	2	2
ENSG00000188404	SELL	8.29	8.64	0.35	0.22	7.15	9.91	0.75	3	5	5	2
ENSG00000126934	MAP2K2	9.25	9.23	-0.02	0.0	8.97	9.44	0.14	7	0	12	0
ENSG00000140564	FURIN	9.44	8.9	-0.54	-0.22	7.93	10.77	1.0	9	3	1	8
ENSG00000109320	NFKB1	9.05	9.3	0.25	0.0	7.98	10.31	0.77	4	7	2	3
ENSG00000197992	CLEC9A	4.42	4.35	-0.06	0.0	4.32	4.54	0.07	10	0	12	0
ENSG00000172724	CCL19	6.53	5.51	-1.02	-0.11	4.32	8.95	1.81	9	3	0	9
ENSG00000131196	NFATC1	7.35	7.46	0.11	0.12	6.67	7.99	0.36	4	2	9	1
ENSG00000162390	ACOT11	4.36	4.33	-0.04	0.0	4.32	4.41	0.02	11	0	12	0
ENSG00000135046	ANXA1	12.37	12.27	-0.11	-0.12	11.61	12.92	0.36	8	1	10	1
ENSG00000162692	VCAM1	5.42	5.15	-0.26	0.0	4.32	6.88	0.82	8	2	4	6
ENSG00000138685	FGF2	4.32	4.32	0.0	0.0	4.32	4.32	0.0	0	0	12	0
ENSG00000156508	EEF1A1	15.61	15.61	0.0	0.0	14.92	16.21	0.45	6	2	8	2
ENSG00000162711	NLRP3	5.54	5.85	0.31	0.22	4.32	6.69	0.65	3	6	5	1
ENSG00000172936	MYD88	8.99	8.99	0.0	0.0	8.3	9.62	0.35	6	1	10	1
ENSG00000100911	PSME2	11.3	10.86	-0.44	-0.22	9.85	12.41	0.83	9	3	2	7
ENSG00000089692	LAG3	8.98	8.42	-0.55	0.0	7.34	10.84	1.03	9	3	0	9
ENSG00000049249	TNFRSF9	7.55	8.7	1.14	0.11	4.32	11.21	2.11	3	9	0	3
ENSG00000189403	HMGB1	8.83	9.02	0.19	0.22	8.19	9.65	0.39	3	2	9	1
ENSG00000003400	CASP10	8.84	9.11	0.27	0.4	8.23	9.55	0.36	2	4	7	1
ENSG00000169385	RNASE2	4.32	4.32	0.0	0.0	4.32	4.32	0.0	0	0	12	0
ENSG00000006210	CX3CL1	4.32	4.32	0.0	0.0	4.32	4.32	0.0	0	0	12	0
ENSG00000188130	MAPK12	4.32	4.32	0.0	0.0	4.32	4.32	0.0	0	0	12	0
ENSG00000136997	MYC	8.05	8.39	0.34	0.11	6.85	9.9	0.74	3	7	3	2
ENSG00000158769	F11R	8.74	8.74	0.0	0.0	8.24	9.13	0.28	6	0	11	1
ENSG00000158488	CD1E	4.87	4.71	-0.16	-0.12	4.32	6.16	0.54	8	1	5	6
ENSG00000227507	LTB	10.45	9.6	-0.85	-0.33	7.33	13.14	1.7	9	3	1	8
ENSG00000079385	CEACAM1	4.95	4.43	-0.52	0.0	4.32	5.58	0.35	11	1	0	11
ENSG00000015475	BID	9.36	9.41	0.05	0.0	8.7	9.94	0.37	5	2	9	1
ENSG00000111344	RASAL1	6.37	6.18	-0.19	0.0	4.98	7.75	0.66	8	1	7	4
ENSG00000162511	LAPTM5	11.97	12.23	0.26	0.33	11.08	13.08	0.55	3	5	6	1
ENSG00000129152	MYOD1	4.97	4.8	-0.18	0.0	4.32	5.98	0.54	8	2	5	5
ENSG00000196611	MMP1	5.55	5.29	-0.26	0.0	4.32	6.96	0.82	8	3	3	6
ENSG00000112062	MAPK14	10.09	10.13	0.04	0.0	9.72	10.52	0.26	5	0	12	0
ENSG00000100722	ZC3H14	8.67	8.7	0.03	0.14	8.4	8.93	0.18	5	0	12	0
ENSG00000030582	GRN	8.44	8.17	-0.27	0.0	7.23	9.74	0.82	8	3	2	7
ENSG00000107625	DDX50	9.27	9.26	-0.02	-0.14	9.04	9.45	0.12	7	0	12	0
ENSG00000113520	IL4	4.73	4.73	0.0	0.0	4.32	5.52	0.42	6	2	10	0
ENSG00000142515	KLK3	4.32	4.32	0.0	0.0	4.32	4.32	0.0	0	0	12	0
ENSG00000240972	MIF	10.26	10.72	0.46	0.22	8.88	11.82	0.93	3	7	3	2
ENSG00000175084	DES	4.32	4.32	0.0	0.0	4.32	4.32	0.0	0	0	12	0
ENSG00000181847	TIGIT	9.14	9.3	0.16	0.12	8.23	10.26	0.57	4	4	6	2
ENSG00000172236	TPSAB1	4.32	4.32	0.0	0.0	4.32	4.32	0.0	0	0	12	0
ENSG00000177697	CD151	5.27	5.42	0.16	0.12	4.32	6.41	0.55	4	2	8	2
ENSG00000244731	C4A	4.66	4.71	0.05	0.0	4.32	5.18	0.33	5	1	11	0
ENSG00000100906	NFKBIA	12.5	12.8	0.3	0.12	10.89	14.19	0.96	4	7	2	3
ENSG00000275302	CCL4	12.97	13.15	0.18	0.0	11.49	14.98	1.16	5	6	1	5
ENSG00000161011	SQSTM1	11.12	11.12	-0.0	0.0	10.83	11.5	0.2	6	0	12	0
ENSG00000204560	DHX16	7.09	7.05	-0.03	-0.14	6.46	7.36	0.25	7	0	11	1
ENSG00000203747	FCGR3A	11.33	11.43	0.1	0.0	10.04	12.31	0.68	5	4	5	3
ENSG00000115211	EIF2B4	8.81	8.83	0.02	0.0	8.61	9.1	0.14	5	0	12	0
ENSG00000146872	TLK2	8.95	8.92	-0.04	-0.14	8.47	9.35	0.27	7	0	12	0
ENSG00000135047	CTSL	7.95	8.6	0.65	0.3	6.68	9.88	0.88	2	7	3	2
ENSG00000152894	PTPRK	5.03	5.03	0.0	0.0	4.32	6.19	0.65	6	3	4	5
ENSG00000141968	VAV1	9.47	9.37	-0.09	-0.12	8.95	9.97	0.3	8	0	11	1
ENSG00000111271	ACAD10	7.2	7.2	0.0	0.0	6.42	7.88	0.5	6	4	6	2
ENSG00000170365	SMAD1	4.99	4.99	-0.0	0.0	4.32	5.64	0.46	6	3	7	2
ENSG00000113916	BCL6	7.65	8.0	0.35	0.11	6.82	8.95	0.68	3	6	4	2
ENSG00000109321	AREG	5.09	4.98	-0.12	0.0	4.32	6.32	0.75	7	4	2	6
ENSG00000117399	CDC20	5.69	5.3	-0.39	0.0	4.32	7.6	1.19	8	3	2	7
ENSG00000090659	CD209	4.96	4.63	-0.34	-0.3	4.32	5.81	0.44	10	1	4	7
ENSG00000166478	ZNF143	8.25	8.3	0.06	0.0	8.0	8.5	0.17	4	0	12	0
ENSG00000141027	NCOR1	10.9	10.78	-0.11	-0.11	10.38	11.33	0.24	9	0	11	1
ENSG00000168434	COG7	7.98	8.01	0.03	0.0	7.64	8.31	0.19	5	0	12	0
ENSG00000065135	GNAI3	9.18	9.05	-0.13	-0.22	8.6	9.51	0.27	9	0	10	2
ENSG00000175387	SMAD2	9.9	9.99	0.09	0.11	9.64	10.21	0.18	3	0	12	0
ENSG00000114315	HES1	5.53	5.19	-0.34	0.0	4.32	7.24	1.01	8	3	1	8
ENSG00000103855	CD276	5.5	5.16	-0.35	-0.11	4.32	6.37	0.66	9	3	2	7
ENSG00000066136	NFYC	8.14	8.14	0.0	0.0	7.7	8.67	0.33	6	1	11	0
ENSG00000183486	MX2	8.36	7.98	-0.39	-0.22	7.06	9.45	0.77	9	2	3	7
ENSG00000167552	TUBA1A	4.42	4.34	-0.09	0.0	4.32	4.53	0.06	11	0	12	0
ENSG00000109471	IL2	4.62	4.37	-0.25	0.0	4.32	4.93	0.17	11	0	12	0
ENSG00000170542	SERPINB9	10.77	10.95	0.18	0.12	9.91	12.17	0.62	4	4	6	2
ENSG00000170558	CDH2	4.94	4.56	-0.38	-0.1	4.32	5.83	0.46	10	1	2	9
ENSG00000169710	FASN	6.06	6.74	0.68	0.2	4.32	7.88	0.9	2	9	2	1
ENSG00000136634	IL10	5.33	4.7	-0.63	-0.1	4.32	6.7	0.73	10	2	0	10
ENSG00000108932	SLC16A6	8.15	8.21	0.06	0.0	7.59	8.91	0.4	5	2	9	1
ENSG00000163751	CPA3	4.32	4.32	0.0	0.0	4.32	4.32	0.0	0	0	12	0
ENSG00000089685	BIRC5	6.35	6.16	-0.19	0.0	4.32	8.62	1.28	7	4	1	7
ENSG00000108688	CCL7	5.19	5.43	0.24	0.25	4.32	6.41	0.76	4	5	4	3
ENSG00000163600	ICOS	8.1	7.35	-0.75	-0.36	6.73	9.0	0.59	11	1	1	10
ENSG00000204574	ABCF1	9.53	9.53	-0.0	0.0	8.98	10.02	0.33	6	0	11	1
ENSG00000213145	CRIP1	10.55	10.68	0.12	0.0	9.27	11.99	0.82	5	5	3	4
ENSG00000119616	FCF1	10.33	10.37	0.03	0.0	9.96	10.75	0.25	5	0	12	0
ENSG00000121807	CCR2	6.01	6.17	0.16	0.14	4.32	7.69	1.07	5	5	4	3
ENSG00000115232	ITGA4	8.94	8.97	0.03	0.0	8.67	9.33	0.19	5	0	12	0
ENSG00000174804	FZD4	4.41	4.34	-0.07	0.0	4.32	4.5	0.05	11	0	12	0
ENSG00000100448	CTSG	4.32	4.32	0.0	0.0	4.32	4.32	0.0	0	0	12	0
ENSG00000125753	VASP	10.04	9.86	-0.17	0.0	9.22	10.71	0.52	8	2	6	4
ENSG00000080802	CNOT4	9.09	9.06	-0.03	0.0	8.74	9.31	0.19	7	0	12	0
ENSG00000151388	ADAMTS12	5.21	4.99	-0.21	0.0	4.32	6.35	0.69	8	2	5	5
ENSG00000073578	SDHA	8.24	8.34	0.1	0.0	7.82	8.8	0.31	4	1	11	0
ENSG00000157456	CCNB2	6.11	5.64	-0.46	0.0	4.32	8.58	1.43	8	4	1	7
ENSG00000010671	BTK	5.05	4.8	-0.24	-0.22	4.32	6.02	0.5	9	1	7	4
ENSG00000169248	CXCL11	5.26	5.26	-0.0	0.0	4.32	6.38	0.81	6	5	2	5
ENSG00000070018	LRP6	4.66	4.55	-0.11	0.0	4.32	5.16	0.33	8	0	12	0
ENSG00000094631	HDAC6	7.42	7.27	-0.15	-0.11	6.86	7.89	0.28	9	0	11	1
ENSG00000051180	RAD51	5.52	5.07	-0.45	-0.33	4.32	6.71	0.88	9	3	3	6
ENSG00000241684	ADAMTS9-AS2	4.32	4.32	0.0	0.0	4.32	4.32	0.0	0	0	12	0
ENSG00000124813	RUNX2	4.87	4.53	-0.34	-0.1	4.32	5.62	0.4	10	1	2	9
ENSG00000142871	CYR61	5.02	4.66	-0.35	-0.2	4.32	5.9	0.47	10	1	5	6
ENSG00000169032	MAP2K1	9.88	9.88	-0.0	0.0	9.44	10.36	0.29	6	0	12	0
ENSG00000140287	HDC	5.1	4.85	-0.25	0.0	4.32	6.48	0.76	8	2	2	8
ENSG00000041982	TNC	4.42	4.34	-0.09	0.0	4.32	4.53	0.06	11	0	12	0
ENSG00000130164	LDLR	6.63	6.05	-0.58	0.0	4.32	7.91	1.09	9	3	0	9
ENSG00000277632	CCL3	10.88	11.11	0.24	0.0	8.52	13.71	1.6	5	6	2	4
ENSG00000078549	ADCYAP1R1	4.32	4.32	0.0	0.0	4.32	4.32	0.0	0	0	12	0
ENSG00000164949	GEM	6.34	6.34	-0.0	0.0	5.16	7.56	0.69	6	3	6	3
ENSG00000184500	PROS1	5.85	5.76	-0.1	-0.14	4.57	7.09	0.7	7	2	8	2
ENSG00000108342	CSF3	4.32	4.32	0.0	0.0	4.32	4.32	0.0	0	0	12	0
ENSG00000075618	FSCN1	7.11	7.55	0.44	0.11	5.43	8.63	0.9	3	7	3	2
ENSG00000102145	GATA1	4.32	4.32	0.0	0.0	4.32	4.32	0.0	0	0	12	0
ENSG00000114013	CD86	6.16	6.36	0.2	0.33	5.47	7.18	0.44	3	3	8	1
ENSG00000142675	CNKSR1	5.48	4.89	-0.59	-0.2	4.32	6.72	0.74	10	2	2	8
ENSG00000183682	BMP8A	5.03	4.67	-0.36	-0.3	4.32	5.9	0.46	10	1	5	6
ENSG00000161905	ALOX15	4.68	4.51	-0.16	-0.11	4.32	5.16	0.3	9	0	12	0
ENSG00000164342	TLR3	5.97	5.87	-0.1	0.0	4.86	7.09	0.68	7	2	7	3
ENSG00000120217	CD274	7.56	7.3	-0.26	0.0	6.0	8.7	0.81	8	3	2	7
ENSG00000127318	IL22	6.35	5.34	-1.02	0.0	4.32	9.23	1.8	9	3	0	9
ENSG00000162772	ATF3	8.28	8.78	0.5	0.33	6.9	10.48	1.05	3	6	3	3
ENSG00000271503	CCL5	13.67	13.41	-0.26	-0.22	12.57	14.34	0.55	9	2	7	3
ENSG00000186652	PRG2	4.93	4.66	-0.28	-0.11	4.32	5.85	0.52	9	1	3	8
ENSG00000105374	NKG7	13.66	13.75	0.1	0.12	13.18	14.27	0.32	4	1	11	0
ENSG00000142798	HSPG2	4.32	4.32	0.0	0.0	4.32	4.32	0.0	0	0	12	0
ENSG00000213809	KLRK1	12.28	12.35	0.07	0.0	11.46	13.12	0.51	5	2	8	2
ENSG00000159189	C1QC	4.63	4.43	-0.2	0.0	4.32	5.16	0.24	10	1	11	0
ENSG00000028137	TNFRSF1B	9.45	9.58	0.13	0.12	8.77	10.37	0.43	4	2	9	1
ENSG00000157933	SKI	9.9	9.71	-0.18	0.0	8.68	11.17	0.64	8	2	7	3
ENSG00000220205	VAMP2	9.7	9.75	0.06	0.0	8.99	10.41	0.4	5	2	9	1
ENSG00000110848	CD69	10.6	10.75	0.15	0.14	8.85	12.68	1.02	5	5	3	4
ENSG00000135074	ADAM19	6.77	6.01	-0.76	0.0	4.32	8.42	1.45	9	3	0	9
ENSG00000180233	ZNRF2	10.09	10.0	-0.08	-0.12	9.68	10.4	0.26	8	0	12	0
ENSG00000171105	INSR	4.32	4.32	0.0	0.0	4.32	4.32	0.0	0	0	12	0
ENSG00000104951	IL4I1	7.84	7.57	-0.28	-0.22	6.1	8.58	0.62	9	2	7	3
ENSG00000077063	CTTNBP2	5.46	5.07	-0.39	-0.22	4.32	6.53	0.77	9	2	3	7
ENSG00000179348	GATA2	4.32	4.32	0.0	0.0	4.32	4.32	0.0	0	0	12	0
ENSG00000123342	MMP19	6.28	6.09	-0.19	0.0	5.31	7.2	0.6	8	2	5	5
ENSG00000117318	ID3	5.19	4.87	-0.31	-0.22	4.32	6.16	0.62	9	2	5	5
ENSG00000198959	TGM2	4.69	4.51	-0.19	0.0	4.32	5.16	0.32	9	0	12	0
ENSG00000143226	FCGR2A	7.53	7.33	-0.2	-0.12	6.13	8.35	0.64	8	3	3	6
ENSG00000213689	TREX1	7.85	7.63	-0.23	-0.22	6.72	8.67	0.48	9	1	8	3
ENSG00000124762	CDKN1A	8.14	8.31	0.16	0.0	6.55	9.77	1.08	5	6	2	4
ENSG00000134531	EMP1	7.99	7.99	-0.0	0.0	6.53	8.8	0.64	6	4	6	2
ENSG00000138798	EGF	4.32	4.32	0.0	0.0	4.32	4.32	0.0	0	0	12	0
ENSG00000185630	PBX1	4.8	4.49	-0.31	0.0	4.32	5.47	0.36	10	1	11	0
ENSG00000126785	RHOJ	4.32	4.32	0.0	0.0	4.32	4.32	0.0	0	0	12	0
ENSG00000198053	SIRPA	7.65	7.39	-0.26	-0.12	6.46	8.94	0.81	8	4	2	6
ENSG00000100234	TIMP3	5.21	4.65	-0.56	-0.1	4.32	6.29	0.64	10	2	1	9
ENSG00000204264	PSMB8	11.18	11.01	-0.18	-0.11	10.67	11.69	0.34	9	1	10	1
ENSG00000196230	TUBB	10.34	10.34	0.0	0.0	9.52	11.31	0.59	6	3	5	4
ENSG00000156738	MS4A1	5.94	6.05	0.11	0.0	4.93	6.98	0.71	5	4	5	3
ENSG00000165140	FBP1	7.4	7.59	0.19	0.0	5.99	9.58	1.22	5	7	0	5
ENSG00000110324	IL10RA	10.85	10.71	-0.14	0.0	10.2	11.4	0.42	8	2	7	3
ENSG00000107317	PTGDS	7.01	6.7	-0.31	-0.12	5.19	8.79	1.04	8	2	3	7
ENSG00000116132	PRRX1	5.17	4.68	-0.49	0.0	4.32	6.29	0.58	10	1	1	10
ENSG00000184227	ACOT1	4.32	4.32	0.0	0.0	4.32	4.32	0.0	0	0	12	0
ENSG00000154188	ANGPT1	5.38	5.15	-0.23	-0.12	4.32	6.58	0.73	8	3	3	6
ENSG00000175445	LPL	5.48	4.8	-0.68	-0.1	4.32	7.29	0.85	10	1	1	10
ENSG00000105851	PIK3CG	10.71	10.66	-0.05	0.0	10.21	11.58	0.38	7	1	10	1
ENSG00000099985	OSM	5.23	4.82	-0.41	-0.11	4.32	6.64	0.79	9	2	2	8
ENSG00000185338	SOCS1	9.64	8.99	-0.65	-0.22	6.68	11.22	1.31	9	3	1	8
ENSG00000087237	CETP	4.95	4.79	-0.16	-0.25	4.32	5.67	0.5	8	2	5	5
ENSG00000151651	ADAM8	9.32	9.2	-0.11	-0.12	8.66	9.85	0.37	8	1	9	2
ENSG00000077782	FGFR1	6.51	6.74	0.23	0.14	4.32	9.15	1.55	5	5	2	5
ENSG00000158481	CD1C	5.26	4.94	-0.32	0.0	4.32	6.36	0.62	9	2	4	6
ENSG00000065989	PDE4A	8.4	8.2	-0.2	-0.25	7.29	9.51	0.69	8	2	5	5
ENSG00000135457	TFCP2	8.18	8.18	-0.0	0.0	7.69	8.59	0.3	6	0	12	0
ENSG00000126353	CCR7	7.93	7.93	-0.0	0.0	6.91	8.86	0.65	6	3	5	4
ENSG00000163421	PROK2	6.43	5.86	-0.57	0.0	4.32	8.8	1.66	8	4	0	8
ENSG00000134853	PDGFRA	4.32	4.32	0.0	0.0	4.32	4.32	0.0	0	0	12	0
ENSG00000080823	MOK	4.81	4.88	0.07	0.0	4.32	5.58	0.47	5	3	9	0
ENSG00000010810	FYN	11.84	11.97	0.13	0.25	11.23	12.39	0.4	4	3	8	1
ENSG00000136158	SPRY2	8.28	8.37	0.09	0.14	7.41	9.21	0.6	5	4	5	3
ENSG00000140285	FGF7	5.05	4.96	-0.09	0.0	4.32	6.41	0.63	7	1	6	5
ENSG00000213906	LTB4R2	7.62	7.82	0.2	0.33	7.07	8.35	0.41	3	3	8	1
ENSG00000140470	ADAMTS17	5.38	5.48	0.1	0.14	4.37	6.47	0.69	5	4	4	4
ENSG00000082014	SMARCD3	6.09	6.09	-0.0	0.0	4.32	7.83	1.11	6	4	3	5
ENSG00000086991	NOX4	4.56	4.36	-0.2	0.0	4.32	4.79	0.13	11	0	12	0
ENSG00000168610	STAT3	10.3	10.46	0.17	0.0	9.9	11.11	0.35	3	2	10	0
ENSG00000105866	SP4	8.67	8.75	0.08	0.25	8.26	9.19	0.27	4	1	11	0
ENSG00000110876	SELPLG	6.77	6.77	0.0	0.0	5.99	7.79	0.45	6	1	10	1
ENSG00000148730	EIF4EBP2	9.1	9.22	0.12	0.22	8.7	9.68	0.25	3	1	11	0
ENSG00000185070	FLRT2	4.37	4.33	-0.04	0.0	4.32	4.42	0.03	11	0	12	0
ENSG00000127191	TRAF2	8.55	8.71	0.16	0.12	7.77	9.57	0.52	4	3	7	2
ENSG00000196878	LAMB3	4.83	4.83	-0.0	0.0	4.32	6.13	0.53	6	2	6	4
ENSG00000105205	CLC	5.39	5.02	-0.37	-0.4	4.32	6.36	0.53	10	1	6	5
ENSG00000118985	ELL2	8.53	8.4	-0.13	0.0	7.13	9.58	0.82	7	4	3	5
ENSG00000178562	CD28	6.69	6.88	0.19	0.0	4.73	8.73	1.22	5	7	0	5
ENSG00000110330	BIRC2	10.02	9.96	-0.06	0.0	9.44	10.57	0.38	7	2	8	2
ENSG00000117586	TNFSF4	8.07	7.95	-0.12	0.0	7.07	9.49	0.77	7	3	4	5
ENSG00000164930	FZD6	5.33	5.5	0.17	0.25	4.32	6.37	0.57	4	5	5	2
ENSG00000158859	ADAMTS4	5.51	4.98	-0.53	-0.3	4.32	6.47	0.67	10	2	3	7
ENSG00000160868	CYP3A4	4.32	4.32	0.0	0.0	4.32	4.32	0.0	0	0	12	0
ENSG00000203812	HIST2H2AA3	9.45	9.91	0.46	0.4	8.71	10.68	0.6	2	6	4	2
ENSG00000064115	TM7SF3	8.85	8.9	0.05	0.0	8.18	9.57	0.35	5	1	10	1
ENSG00000179344	HLA-DQB1	7.14	6.9	-0.23	-0.25	5.74	8.75	0.83	8	2	5	5
ENSG00000179151	EDC3	8.47	8.47	-0.0	0.0	7.99	8.82	0.25	6	0	12	0
ENSG00000007908	SELE	4.32	4.32	0.0	0.0	4.32	4.32	0.0	0	0	12	0
ENSG00000115602	IL1RL1	5.22	4.78	-0.44	0.0	4.32	6.56	0.78	9	2	1	9
ENSG00000136715	SAP130	8.54	8.57	0.03	0.0	8.26	8.95	0.2	5	0	12	0
ENSG00000168229	PTGDR	6.96	7.08	0.11	0.0	5.17	8.35	0.82	5	3	8	1
ENSG00000130203	APOE	5.51	4.52	-0.99	0.0	4.32	6.7	0.66	11	1	0	11
ENSG00000154229	PRKCA	7.52	7.62	0.09	0.12	6.97	8.12	0.33	4	2	9	1
ENSG00000183134	PTGDR2	4.74	4.44	-0.31	-0.18	4.32	5.11	0.22	11	0	12	0
ENSG00000120949	TNFRSF8	5.05	4.9	-0.15	-0.25	4.32	6.23	0.54	8	1	7	4
ENSG00000160113	NR2F6	6.03	6.07	0.04	0.0	5.48	6.45	0.3	5	0	11	1
ENSG00000167244	IGF2	4.32	4.32	0.0	0.0	4.32	4.32	0.0	0	0	12	0
ENSG00000113761	ZNF346	5.97	5.97	0.0	0.0	5.51	6.36	0.31	6	0	12	0
ENSG00000047936	ROS1	4.53	4.36	-0.18	0.0	4.32	4.75	0.12	11	0	12	0
ENSG00000163735	CXCL5	6.89	6.64	-0.25	0.0	4.32	9.94	1.68	7	4	2	6
ENSG00000106178	CCL24	7.0	7.17	0.17	0.0	5.34	8.99	1.11	5	5	2	5
ENSG00000106483	SFRP4	4.32	4.32	0.0	0.0	4.32	4.32	0.0	0	0	12	0
ENSG00000173432	SAA1	4.32	4.32	0.0	0.0	4.32	4.32	0.0	0	0	12	0
ENSG00000091879	ANGPT2	4.32	4.32	0.0	0.0	4.32	4.32	0.0	0	0	12	0
ENSG00000100311	PDGFB	4.32	4.32	0.0	0.0	4.32	4.32	0.0	0	0	12	0
ENSG00000067182	TNFRSF1A	9.23	9.23	-0.0	0.0	8.68	9.87	0.35	6	1	10	1
ENSG00000085265	FCN1	6.62	6.31	-0.31	0.0	4.32	9.74	2.01	7	4	1	7
ENSG00000090339	ICAM1	8.56	8.56	-0.0	0.0	7.16	9.69	0.89	6	4	5	3
ENSG00000012061	ERCC1	7.18	7.35	0.17	0.22	6.53	7.75	0.36	3	3	8	1
ENSG00000140937	CDH11	4.32	4.32	0.0	0.0	4.32	4.32	0.0	0	0	12	0
ENSG00000204472	AIF1	7.03	7.35	0.32	0.0	4.32	9.84	1.98	5	7	0	5
ENSG00000065559	MAP2K4	8.32	8.32	0.0	0.0	8.02	8.68	0.21	6	0	12	0
ENSG00000253309	SERPINE3	5.21	4.64	-0.57	-0.36	4.32	5.9	0.46	11	1	2	9
ENSG00000197632	SERPINB2	8.99	8.99	-0.0	0.0	6.53	11.36	1.54	6	4	3	5
ENSG00000128342	LIF	7.97	6.87	-1.1	-0.11	4.32	10.97	2.18	9	3	1	8
ENSG00000138755	CXCL9	6.91	6.91	0.0	0.0	4.32	9.52	1.87	6	5	2	5
ENSG00000179934	CCR8	4.32	4.32	0.0	0.0	4.32	4.32	0.0	0	0	12	0
ENSG00000245848	CEBPA	6.75	6.75	-0.0	0.0	5.34	8.29	0.85	6	3	5	4
ENSG00000049130	KITLG	5.07	5.07	-0.0	0.0	4.32	6.26	0.67	6	3	5	4
ENSG00000158485	CD1B	4.78	4.47	-0.31	-0.27	4.32	5.15	0.23	11	0	12	0
ENSG00000120129	DUSP1	10.42	10.13	-0.29	-0.12	8.77	11.63	0.92	8	4	3	5
ENSG00000275385	CCL18	5.26	4.87	-0.38	0.0	4.32	6.21	0.7	9	2	3	7
ENSG00000146232	NFKBIE	8.68	8.86	0.18	0.22	8.02	9.46	0.38	3	2	9	1
ENSG00000137265	IRF4	8.85	9.29	0.43	0.22	7.92	10.49	0.82	3	7	2	3
ENSG00000182973	CNOT10	7.99	8.01	0.02	0.0	7.69	8.23	0.16	5	0	12	0
ENSG00000127329	PTPRB	6.22	6.34	0.13	0.0	4.38	7.75	0.89	5	5	5	2
ENSG00000005381	MPO	5.31	4.54	-0.77	-0.09	4.32	6.23	0.53	11	1	1	10
ENSG00000017427	IGF1	4.33	4.32	-0.01	0.0	4.32	4.34	0.01	11	0	12	0
ENSG00000026103	FAS	8.52	8.77	0.25	0.11	7.77	9.29	0.48	3	4	7	1
ENSG00000183625	CCR3	4.32	4.32	0.0	0.0	4.32	4.32	0.0	0	0	12	0
ENSG00000125384	PTGER2	10.74	10.36	-0.38	-0.22	9.22	12.18	0.79	9	2	4	6
ENSG00000006071	ABCC8	4.86	4.78	-0.08	0.0	4.32	5.86	0.53	7	3	3	6
ENSG00000156575	PRG3	4.32	4.32	0.0	0.0	4.32	4.32	0.0	0	0	12	0
ENSG00000159228	CBR1	7.16	6.91	-0.25	-0.22	6.05	7.83	0.52	9	1	7	4
ENSG00000141655	TNFRSF11A	7.01	7.1	0.09	0.0	6.04	8.4	0.63	5	3	7	2
ENSG00000145649	GZMA	13.4	12.78	-0.62	-0.11	11.44	14.91	1.14	9	3	1	8
ENSG00000187474	FPR3	6.99	6.47	-0.52	-0.12	4.32	9.16	1.62	8	4	1	7
ENSG00000165806	CASP7	7.73	7.6	-0.14	-0.12	6.88	8.4	0.45	8	2	8	2
ENSG00000170522	ELOVL6	8.42	7.9	-0.52	0.0	6.93	9.75	0.95	9	3	0	9
ENSG00000170323	FABP4	4.43	4.34	-0.08	-0.09	4.32	4.53	0.06	11	0	12	0
ENSG00000115604	IL18R1	9.6	9.65	0.05	0.14	8.92	10.35	0.36	5	1	10	1
ENSG00000113302	IL12B	5.68	5.0	-0.68	0.0	4.32	7.37	1.18	9	3	0	9
ENSG00000124469	CEACAM8	4.32	4.32	0.0	0.0	4.32	4.32	0.0	0	0	12	0
ENSG00000204599	TRIM39	7.05	7.19	0.15	0.0	6.63	7.48	0.27	3	0	12	0
ENSG00000100985	MMP9	7.77	7.77	0.0	0.0	5.29	11.0	1.46	6	5	2	5
ENSG00000101916	TLR8	5.81	5.71	-0.1	0.0	4.43	6.88	0.68	7	3	5	4
ENSG00000137462	TLR2	7.62	7.53	-0.09	0.0	6.21	8.62	0.64	7	2	8	2
ENSG00000077238	IL4R	8.57	8.68	0.11	0.0	7.33	9.7	0.69	5	6	4	2
ENSG00000111537	IFNG	12.05	10.21	-1.84	-0.11	6.04	16.7	3.49	9	3	0	9
ENSG00000141448	GATA6	4.5	4.35	-0.15	0.0	4.32	4.68	0.1	11	0	12	0
ENSG00000163064	EN1	4.71	4.65	-0.06	0.0	4.32	5.41	0.41	7	2	10	0
ENSG00000134954	ETS1	11.27	11.24	-0.03	0.0	10.96	11.63	0.2	7	0	12	0
ENSG00000169403	PTAFR	5.96	6.08	0.12	0.0	4.85	7.42	0.81	5	4	4	4
ENSG00000196154	S100A4	11.31	11.31	-0.0	0.0	10.54	12.04	0.4	6	2	9	1
ENSG00000213658	LAT	8.91	8.86	-0.05	0.0	8.37	9.45	0.3	7	1	10	1
ENSG00000138792	ENPEP	4.67	4.38	-0.29	0.0	4.32	5.01	0.19	11	0	12	0
ENSG00000264424	MYH4	4.32	4.32	0.0	0.0	4.32	4.32	0.0	0	0	12	0
ENSG00000112486	CCR6	5.95	5.78	-0.17	0.0	4.32	7.48	1.1	7	3	3	6
ENSG00000008438	PGLYRP1	4.77	4.4	-0.38	0.0	4.32	5.23	0.25	11	0	12	0
ENSG00000122861	PLAU	7.86	7.57	-0.29	-0.12	6.04	9.08	0.94	8	3	4	5
ENSG00000169245	CXCL10	7.73	7.73	0.0	0.0	5.0	11.25	1.76	6	5	2	5
ENSG00000163347	CLDN1	4.32	4.32	0.0	0.0	4.32	4.32	0.0	0	0	12	0
ENSG00000168036	CTNNB1	11.27	11.21	-0.05	-0.12	11.02	11.54	0.17	8	0	12	0
ENSG00000155366	RHOC	8.92	9.22	0.29	0.3	8.34	9.62	0.37	2	4	7	1
ENSG00000118520	ARG1	4.32	4.32	0.0	0.0	4.32	4.32	0.0	0	0	12	0
ENSG00000125726	CD70	6.49	6.6	0.11	0.0	4.55	7.56	0.8	5	4	7	1
ENSG00000095002	MSH2	7.92	7.98	0.07	0.0	7.25	8.79	0.46	5	2	9	1
ENSG00000170776	AKAP13	10.02	10.02	0.0	0.0	9.42	10.5	0.35	6	0	11	1
ENSG00000069702	TGFBR3	10.07	10.17	0.1	0.25	9.6	10.75	0.35	4	2	10	0
ENSG00000103274	NUBP1	8.62	8.78	0.16	0.22	8.08	9.3	0.33	3	1	10	1
ENSG00000140968	IRF8	8.65	8.95	0.3	0.0	7.47	10.21	0.94	4	6	2	4
ENSG00000160211	G6PD	9.7	9.5	-0.2	0.0	8.72	10.53	0.62	8	3	4	5
ENSG00000125538	IL1B	10.01	9.5	-0.52	0.0	7.55	12.28	1.62	8	3	1	8
ENSG00000157404	KIT	6.3	6.3	0.0	0.0	4.32	7.24	0.82	6	5	5	2
ENSG00000101017	CD40	6.28	6.56	0.28	0.12	4.32	7.97	0.96	4	5	5	2
ENSG00000188763	FZD9	4.32	4.32	0.0	0.0	4.32	4.32	0.0	0	0	12	0
ENSG00000112742	TTK	6.15	5.95	-0.19	-0.14	4.32	8.0	1.31	7	4	3	5
ENSG00000163823	CCR1	8.04	8.22	0.18	0.0	6.47	10.01	1.19	5	5	3	4
ENSG00000175352	NRIP3	5.14	4.91	-0.23	-0.12	4.32	6.12	0.69	8	2	4	6
ENSG00000106100	NOD1	7.31	7.31	0.0	0.0	6.69	7.86	0.31	6	1	10	1
ENSG00000204220	PFDN6	9.1	9.1	0.0	0.0	8.39	9.56	0.34	6	0	11	1
ENSG00000134470	IL15RA	5.12	4.9	-0.21	-0.12	4.32	5.97	0.64	8	2	4	6
ENSG00000066294	CD84	7.66	7.28	-0.38	-0.22	6.39	8.73	0.75	9	3	3	6
ENSG00000197329	PELI1	8.75	8.61	-0.15	0.0	8.05	9.83	0.48	8	1	8	3
ENSG00000173372	C1QA	4.32	4.32	0.0	0.0	4.32	4.32	0.0	0	0	12	0
ENSG00000115165	CYTIP	12.54	12.45	-0.08	0.0	11.86	13.39	0.52	7	3	7	2
ENSG00000197629	MPEG1	7.4	6.89	-0.51	0.0	5.17	9.77	1.56	8	3	1	8
ENSG00000118503	TNFAIP3	12.71	12.71	0.0	0.0	11.98	13.53	0.53	6	4	4	4
ENSG00000104312	RIPK2	8.53	8.61	0.08	0.0	7.71	9.3	0.51	5	2	8	2
ENSG00000156234	CXCL13	4.32	4.32	0.0	0.0	4.32	4.32	0.0	0	0	12	0
ENSG00000156711	MAPK13	7.66	7.81	0.15	0.12	6.9	8.5	0.48	4	3	8	1
ENSG00000144029	MRPS5	9.65	9.61	-0.04	-0.25	9.46	9.86	0.12	8	0	12	0
ENSG00000122877	EGR2	7.98	8.44	0.46	0.33	6.51	10.13	0.98	3	6	4	2
ENSG00000115306	SPTBN1	9.2	9.61	0.41	0.22	7.95	10.45	0.78	3	7	3	2
ENSG00000135148	TRAFD1	10.12	9.74	-0.38	-0.11	9.06	11.17	0.68	9	3	1	8
ENSG00000124875	CXCL6	4.32	4.32	0.0	0.0	4.32	4.32	0.0	0	0	12	0
ENSG00000170017	ALCAM	7.47	7.41	-0.06	-0.14	6.62	8.04	0.41	7	1	10	1
ENSG00000137745	MMP13	4.32	4.32	0.0	0.0	4.32	4.32	0.0	0	0	12	0
ENSG00000103522	IL21R	8.56	8.45	-0.11	0.0	7.32	9.85	0.75	7	3	5	4
ENSG00000056558	TRAF1	10.29	10.8	0.5	0.0	9.07	12.19	0.93	3	9	0	3
ENSG00000160145	KALRN	4.54	4.4	-0.14	-0.1	4.32	4.79	0.16	10	0	12	0
ENSG00000182732	RGS6	5.1	4.99	-0.1	0.0	4.32	6.38	0.71	7	2	4	6
ENSG00000010327	STAB1	5.79	5.22	-0.57	0.0	4.32	7.43	1.04	9	3	0	9
ENSG00000240065	PSMB9	11.39	11.16	-0.22	-0.22	10.63	12.09	0.44	9	1	7	4
ENSG00000126561	STAT5A	10.1	10.1	-0.0	0.0	9.01	10.89	0.59	6	3	6	3
ENSG00000179388	EGR3	7.28	6.71	-0.57	-0.33	5.23	9.82	1.21	9	2	2	8
ENSG00000163599	CTLA4	5.0	5.25	0.25	0.33	4.32	6.26	0.54	3	3	7	2
ENSG00000136603	SKIL	10.0	10.0	0.0	0.0	8.76	11.17	0.75	6	3	6	3
ENSG00000164120	HPGD	4.71	4.39	-0.32	0.0	4.32	5.09	0.21	11	0	12	0
ENSG00000185033	SEMA4B	5.14	5.49	0.35	0.2	4.32	6.03	0.47	2	5	6	1
ENSG00000137757	CASP5	4.32	4.32	0.0	0.0	4.32	4.32	0.0	0	0	12	0
ENSG00000162366	PDZK1IP1	4.41	4.34	-0.07	0.0	4.32	4.49	0.05	11	0	12	0
ENSG00000115594	IL1R1	4.96	5.0	0.05	0.0	4.32	5.49	0.33	5	1	10	1
ENSG00000168394	TAP1	9.57	9.31	-0.26	-0.33	8.67	10.33	0.52	9	1	6	5
ENSG00000143546	S100A8	7.68	7.24	-0.44	0.0	5.27	9.98	1.42	8	2	2	8
ENSG00000118113	MMP8	4.32	4.32	0.0	0.0	4.32	4.32	0.0	0	0	12	0
ENSG00000186480	INSIG1	10.55	10.47	-0.08	0.0	9.95	11.5	0.52	7	2	6	4
ENSG00000125657	TNFSF9	7.55	7.41	-0.14	-0.14	5.5	8.73	0.99	7	4	4	4
ENSG00000139832	RAB20	6.77	6.67	-0.11	-0.14	5.77	7.83	0.7	7	3	4	5
ENSG00000136250	AOAH	11.21	11.29	0.08	0.14	10.29	12.52	0.6	5	3	7	2
ENSG00000197635	DPP4	6.76	6.76	0.0	0.0	4.96	8.98	1.36	6	6	0	6
ENSG00000127824	TUBA4A	8.55	8.47	-0.08	0.0	7.67	9.21	0.52	7	3	6	3
ENSG00000185811	IKZF1	10.91	10.94	0.03	0.14	10.54	11.3	0.21	5	0	12	0
ENSG00000168310	IRF2	9.29	9.33	0.04	0.0	8.88	9.7	0.25	5	0	12	0
ENSG00000185386	MAPK11	5.29	5.52	0.23	0.12	4.32	6.77	0.76	4	5	4	3
ENSG00000165025	SYK	7.74	8.15	0.4	0.3	7.02	9.0	0.56	2	6	5	1
ENSG00000162337	LRP5	4.76	4.56	-0.2	-0.11	4.32	5.41	0.38	9	1	11	0
ENSG00000164543	STK17A	11.79	11.68	-0.12	0.0	11.02	12.32	0.37	8	1	10	1
ENSG00000121053	EPX	4.32	4.32	0.0	0.0	4.32	4.32	0.0	0	0	12	0
ENSG00000163515	RETNLB	4.86	4.45	-0.41	-0.18	4.32	5.35	0.29	11	0	3	9
ENSG00000179639	FCER1A	5.78	4.91	-0.87	-0.1	4.32	7.21	1.0	10	2	0	10
ENSG00000172216	CEBPB	9.46	9.46	0.0	0.0	8.68	10.41	0.58	6	3	5	4
ENSG00000163220	S100A9	9.04	8.7	-0.34	-0.25	7.01	10.66	1.15	8	4	3	5
ENSG00000102962	CCL22	8.6	8.39	-0.21	-0.14	6.47	11.28	1.5	7	4	3	5
ENSG00000006747	SCIN	5.01	4.46	-0.55	-0.18	4.32	5.67	0.37	11	1	0	11
ENSG00000125730	C3	5.58	5.45	-0.13	0.0	4.32	7.01	0.86	7	3	4	5
ENSG00000104921	FCER2	4.75	4.75	0.0	0.0	4.32	5.28	0.36	6	1	11	0
ENSG00000158477	CD1A	5.25	5.16	-0.09	0.0	4.32	6.16	0.57	7	1	8	3
ENSG00000165704	HPRT1	9.1	9.39	0.3	0.0	8.41	10.02	0.54	3	6	3	3
ENSG00000175104	TRAF6	9.23	9.17	-0.06	0.0	8.9	9.57	0.2	8	0	12	0
ENSG00000196189	SEMA4A	5.22	5.81	0.6	0.3	4.32	6.91	0.78	2	7	3	2
ENSG00000101384	JAG1	5.21	5.21	-0.0	0.0	4.32	6.21	0.63	6	4	5	3
ENSG00000185745	IFIT1	6.86	6.13	-0.73	-0.33	4.55	9.0	1.47	9	2	2	8
ENSG00000172175	MALT1	9.79	9.71	-0.08	-0.11	9.48	10.05	0.16	9	0	12	0
ENSG00000115738	ID2	10.72	10.65	-0.07	0.0	9.97	11.39	0.45	7	2	8	2
ENSG00000006062	MAP3K14	7.8	7.77	-0.02	0.0	7.59	8.16	0.17	7	0	12	0
ENSG00000164399	IL3	6.29	5.72	-0.57	-0.2	4.55	7.67	0.75	10	1	3	8
ENSG00000011600	TYROBP	12.16	11.97	-0.2	0.0	11.19	13.0	0.59	8	3	5	4
ENSG00000007171	NOS2	4.73	4.66	-0.07	0.0	4.32	5.52	0.43	7	2	10	0
ENSG00000164136	IL15	6.35	6.26	-0.09	-0.14	5.49	7.28	0.62	7	2	6	4
ENSG00000178726	THBD	5.51	5.7	0.19	0.12	4.32	6.88	0.69	4	4	6	2
ENSG00000145779	TNFAIP8	9.14	9.32	0.18	0.22	8.5	9.92	0.39	3	3	8	1
ENSG00000005844	ITGAL	12.13	12.03	-0.1	0.0	11.59	12.52	0.29	8	0	11	1
ENSG00000168040	FADD	4.54	4.5	-0.03	0.0	4.32	4.92	0.22	7	0	12	0
ENSG00000172037	LAMB2	4.32	4.32	0.0	0.0	4.32	4.32	0.0	0	0	12	0
ENSG00000125347	IRF1	10.2	10.13	-0.07	0.0	9.42	11.01	0.45	7	2	8	2
ENSG00000105849	TWISTNB	8.22	8.33	0.11	0.25	7.55	8.8	0.37	4	2	9	1
ENSG00000267855	NDUFA7	8.76	8.66	-0.1	-0.33	8.32	9.18	0.22	9	0	12	0
ENSG00000006530	AGK	9.27	9.49	0.21	0.11	8.67	10.08	0.43	3	3	8	1
ENSG00000064666	CNN2	10.23	10.27	0.04	0.14	9.77	10.71	0.29	5	0	12	0
ENSG00000134871	COL4A2	5.15	4.69	-0.46	-0.1	4.32	6.16	0.56	10	1	2	9
ENSG00000263528	IKBKE	7.37	7.32	-0.05	0.0	6.66	8.17	0.39	7	1	9	2
ENSG00000157601	MX1	10.15	9.66	-0.49	0.0	8.01	12.75	1.54	8	3	1	8
ENSG00000110002	VWA5A	5.71	5.71	-0.0	0.0	5.11	6.41	0.43	6	3	7	2
ENSG00000178860	MSC	6.6	6.31	-0.28	-0.22	5.71	7.48	0.57	9	2	4	6
ENSG00000137693	YAP1	4.84	4.51	-0.32	-0.1	4.32	5.63	0.39	10	1	2	9
ENSG00000105976	MET	4.8	4.66	-0.14	0.0	4.32	5.58	0.43	8	1	11	0
ENSG00000129675	ARHGEF6	9.79	9.79	-0.0	0.0	9.31	10.26	0.34	6	0	12	0
ENSG00000179776	CDH5	4.32	4.32	0.0	0.0	4.32	4.32	0.0	0	0	12	0
ENSG00000168591	TMUB2	7.15	7.06	-0.08	0.0	6.74	7.7	0.27	8	1	11	0
ENSG00000123146	ADGRE5	11.15	11.25	0.1	0.0	9.98	11.95	0.62	5	5	4	3
ENSG00000080986	NDC80	5.18	5.18	-0.0	0.0	4.32	6.5	0.85	6	4	2	6
ENSG00000072694	FCGR2B	7.06	7.62	0.56	0.33	5.67	9.35	1.12	3	6	3	3
ENSG00000187498	COL4A1	4.78	4.63	-0.15	0.0	4.32	5.49	0.44	8	2	10	0
ENSG00000187955	COL14A1	5.04	4.61	-0.43	-0.2	4.32	5.94	0.51	10	1	3	8
ENSG00000204267	TAP2	9.01	8.74	-0.27	-0.22	8.13	9.9	0.52	9	1	5	6
ENSG00000116701	NCF2	7.63	7.75	0.12	0.0	5.96	9.18	0.83	5	4	5	3
ENSG00000119535	CSF3R	4.94	4.63	-0.3	0.0	4.32	5.98	0.55	9	1	2	9
ENSG00000148180	GSN	7.9	7.67	-0.23	-0.12	6.81	9.0	0.71	8	3	3	6
ENSG00000106123	EPHB6	4.87	4.7	-0.18	0.0	4.32	5.93	0.54	8	2	3	7
ENSG00000160712	IL6R	5.93	5.93	-0.0	0.0	4.75	7.0	0.58	6	2	8	2
ENSG00000136960	ENPP2	4.82	4.41	-0.42	0.0	4.32	5.32	0.28	11	0	12	0
ENSG00000137033	IL33	5.77	5.22	-0.54	-0.4	4.32	6.72	0.74	10	2	4	6
ENSG00000164327	RICTOR	9.53	9.48	-0.05	0.0	8.97	10.37	0.39	7	1	10	1
ENSG00000196975	ANXA4	8.02	8.02	0.0	0.0	7.24	8.88	0.49	6	2	8	2
ENSG00000106366	SERPINE1	5.38	5.82	0.44	0.22	4.32	7.26	0.91	3	7	2	3
ENSG00000123685	BATF3	6.24	6.74	0.5	0.12	4.32	8.88	1.6	4	7	2	3
ENSG00000150337	FCGR1A	5.38	5.07	-0.31	0.0	4.32	6.72	0.91	8	4	0	8
ENSG00000160293	VAV2	5.57	5.57	0.0	0.0	4.32	6.46	0.59	6	3	6	3
ENSG00000170989	S1PR1	7.32	7.42	0.1	0.0	6.14	8.48	0.69	5	4	6	2
ENSG00000105974	CAV1	4.32	4.32	0.0	0.0	4.32	4.32	0.0	0	0	12	0
ENSG00000186265	BTLA	5.49	5.79	0.3	0.5	5.01	6.53	0.44	2	4	8	0
ENSG00000185104	FAF1	9.06	9.08	0.02	0.0	8.84	9.47	0.16	5	0	12	0
ENSG00000169282	KCNAB1	4.32	4.32	0.0	0.0	4.32	4.32	0.0	0	0	12	0
ENSG00000160223	ICOSLG	6.21	6.29	0.08	0.0	5.41	7.13	0.58	5	3	6	3
ENSG00000105993	DNAJB6	11.73	11.66	-0.06	-0.12	11.35	12.07	0.22	8	0	12	0
ENSG00000164692	COL1A2	4.32	4.32	0.0	0.0	4.32	4.32	0.0	0	0	12	0
ENSG00000019582	CD74	11.65	11.6	-0.05	-0.14	11.03	12.35	0.37	7	1	9	2
ENSG00000187554	TLR5	5.01	4.77	-0.24	-0.22	4.32	5.94	0.49	9	1	6	5
ENSG00000075624	ACTB	14.49	14.12	-0.37	-0.22	13.13	15.4	0.69	9	3	3	6
ENSG00000168542	COL3A1	5.21	4.99	-0.22	-0.12	4.32	6.41	0.73	8	2	5	5
ENSG00000156127	BATF	7.42	7.21	-0.2	0.0	6.48	8.71	0.64	8	2	5	5
ENSG00000165030	NFIL3	9.05	9.58	0.53	0.2	8.15	10.69	0.68	2	8	2	2
ENSG00000169508	GPR183	9.55	9.46	-0.09	0.0	8.36	10.25	0.63	7	4	5	3
ENSG00000225921	NOL7	9.36	9.49	0.13	0.22	9.03	9.9	0.27	3	1	11	0
ENSG00000168883	USP39	8.64	8.62	-0.02	0.0	8.4	8.82	0.15	7	0	12	0
ENSG00000152104	PTPN14	4.32	4.32	0.0	0.0	4.32	4.32	0.0	0	0	12	0
ENSG00000136869	TLR4	5.37	4.9	-0.47	0.0	4.32	7.03	0.87	9	2	1	9
ENSG00000111799	COL12A1	4.48	4.35	-0.14	0.0	4.32	4.65	0.09	11	0	12	0
ENSG00000258227	CLEC5A	7.72	7.56	-0.16	0.0	6.22	9.77	1.1	7	2	4	6
ENSG00000073756	PTGS2	5.84	5.32	-0.52	-0.22	4.32	7.8	1.06	9	2	3	7
ENSG00000170166	HOXD4	4.32	4.32	0.0	0.0	4.32	4.32	0.0	0	0	12	0
ENSG00000198821	CD247	10.55	10.64	0.09	0.0	10.11	11.29	0.3	4	1	11	0
ENSG00000173369	C1QB	5.25	5.25	0.0	0.0	4.32	6.63	0.84	6	5	2	5
ENSG00000197272	IL27	5.29	4.66	-0.63	-0.27	4.32	6.05	0.5	11	1	3	8
ENSG00000144802	NFKBIZ	10.0	9.75	-0.25	-0.12	8.33	11.29	0.83	8	2	5	5
ENSG00000163719	MTMR14	8.48	8.44	-0.05	0.0	7.96	8.84	0.3	7	0	11	1
ENSG00000019169	MARCO	4.67	4.44	-0.23	0.0	4.32	5.29	0.28	10	1	11	0
ENSG00000088827	SIGLEC1	5.78	5.16	-0.63	-0.3	4.32	6.98	0.83	10	2	3	7
ENSG00000161638	ITGA5	10.02	10.02	0.0	0.0	9.28	11.41	0.62	6	2	6	4
ENSG00000102794	ACOD1	5.88	5.46	-0.42	-0.12	4.32	8.51	1.33	8	4	1	7
ENSG00000156140	ADAMTS3	4.32	4.32	0.0	0.0	4.32	4.32	0.0	0	0	12	0
ENSG00000196371	FUT4	6.92	6.81	-0.11	-0.11	6.37	7.24	0.23	9	0	11	1
ENSG00000153208	MERTK	5.98	5.19	-0.79	0.0	4.32	7.91	1.4	9	3	0	9
ENSG00000171051	FPR1	4.81	4.4	-0.4	0.0	4.32	5.29	0.27	11	0	12	0
ENSG00000167207	NOD2	6.26	6.21	-0.05	0.0	5.55	7.03	0.37	7	1	10	1
ENSG00000169429	CXCL8	13.78	13.15	-0.63	-0.22	11.83	15.08	1.2	9	3	1	8
ENSG00000185291	IL3RA	6.52	6.4	-0.12	0.0	4.32	7.75	0.91	7	4	4	4
ENSG00000108702	CCL1	8.07	7.63	-0.44	-0.14	4.32	11.31	2.85	7	5	1	6
ENSG00000137872	SEMA6D	4.32	4.32	0.0	0.0	4.32	4.32	0.0	0	0	12	0
ENSG00000163661	PTX3	4.74	4.53	-0.21	0.0	4.32	5.52	0.39	9	1	11	0
ENSG00000163739	CXCL1	8.1	7.02	-1.08	-0.11	4.32	11.08	2.03	9	3	0	9
ENSG00000110944	IL23A	6.55	6.21	-0.35	-0.12	4.32	8.59	1.22	8	3	3	6
ENSG00000173198	CYSLTR1	7.42	7.17	-0.24	-0.11	6.61	8.11	0.48	9	2	6	4
ENSG00000175130	MARCKSL1	8.07	7.79	-0.28	0.0	6.36	9.54	0.91	8	3	3	6
ENSG00000168811	IL12A	5.3	5.11	-0.19	0.0	4.32	6.53	0.63	8	2	6	4
ENSG00000112715	VEGFA	7.84	8.38	0.54	0.12	5.43	10.76	1.69	4	7	2	3
ENSG00000183580	FBXL7	4.73	4.54	-0.19	-0.11	4.32	5.29	0.34	9	1	11	0
ENSG00000107485	GATA3	9.66	9.44	-0.21	-0.33	8.56	10.18	0.46	9	1	8	3
ENSG00000181222	POLR2A	9.52	9.35	-0.17	-0.22	8.92	10.11	0.35	9	1	8	3
ENSG00000095970	TREM2	5.79	4.95	-0.84	-0.2	4.32	7.21	1.0	10	2	1	9
ENSG00000179218	CALR	12.74	12.46	-0.29	-0.33	11.77	13.35	0.57	9	3	4	5
ENSG00000126821	SGPP1	8.54	8.51	-0.03	0.0	8.24	8.85	0.2	7	0	12	0
ENSG00000140030	GPR65	8.06	8.4	0.34	0.2	7.24	9.04	0.46	2	5	6	1
ENSG00000275410	HNF1B	5.58	5.01	-0.57	-0.4	4.32	6.5	0.74	10	2	3	7
ENSG00000179242	CDH4	4.75	4.61	-0.14	0.0	4.32	5.71	0.44	8	1	11	0
ENSG00000145839	IL9	4.32	4.32	0.0	0.0	4.32	4.32	0.0	0	0	12	0
ENSG00000145736	GTF2H2	9.23	9.37	0.14	0.0	8.43	10.3	0.48	4	2	9	1
ENSG00000139626	ITGB7	9.28	9.07	-0.2	-0.12	8.07	10.34	0.66	8	2	6	4
ENSG00000115963	RND3	4.32	4.32	0.0	0.0	4.32	4.32	0.0	0	0	12	0
ENSG00000184584	TMEM173	7.24	7.29	0.05	0.0	6.77	7.8	0.32	5	1	11	0
ENSG00000019991	HGF	4.81	4.4	-0.4	0.0	4.32	5.29	0.27	11	0	12	0
ENSG00000060718	COL11A1	5.05	4.95	-0.09	0.0	4.32	6.23	0.63	7	2	6	4
ENSG00000134259	NGF	4.4	4.33	-0.06	0.0	4.32	4.47	0.04	11	0	12	0
ENSG00000166888	STAT6	9.91	9.8	-0.11	0.0	9.19	10.32	0.35	8	0	10	2
ENSG00000197696	NMB	6.25	6.33	0.08	0.14	5.27	7.26	0.56	5	3	7	2
ENSG00000138378	STAT4	11.42	11.34	-0.08	-0.11	11.12	11.74	0.16	9	0	12	0
ENSG00000156427	FGF18	4.32	4.32	0.0	0.0	4.32	4.32	0.0	0	0	12	0
ENSG00000163638	ADAMTS9	4.32	4.32	0.0	0.0	4.32	4.32	0.0	0	0	12	0
ENSG00000023330	ALAS1	6.25	6.2	-0.05	0.0	5.72	6.9	0.34	7	1	10	1
ENSG00000101096	NFATC2	10.88	10.84	-0.05	0.0	10.42	11.45	0.31	7	1	11	0
ENSG00000161921	CXCL16	6.97	7.05	0.08	0.12	6.46	7.66	0.3	4	1	10	1
ENSG00000127324	TSPAN8	4.32	4.32	0.0	0.0	4.32	4.32	0.0	0	0	12	0
ENSG00000095794	CREM	9.36	9.53	0.16	0.0	6.82	10.85	1.14	5	5	3	4
ENSG00000262406	MMP12	4.7	4.45	-0.25	0.0	4.32	5.33	0.3	10	1	11	0
ENSG00000105501	SIGLEC5	4.74	4.74	-0.0	0.0	4.32	5.29	0.32	6	1	11	0
ENSG00000137331	IER3	8.04	7.91	-0.13	-0.12	7.24	8.91	0.46	8	1	8	3
ENSG00000182578	CSF1R	4.86	4.5	-0.36	0.0	4.32	5.52	0.4	10	1	1	10
ENSG00000108840	HDAC5	7.02	7.47	0.45	0.0	5.77	8.3	0.82	3	9	0	3
ENSG00000131747	TOP2A	6.9	6.65	-0.25	0.0	4.32	9.24	1.6	7	5	1	6
ENSG00000134061	CD180	5.9	5.75	-0.15	0.0	4.32	7.82	1.03	7	3	3	6
ENSG00000150782	IL18	5.9	5.96	0.06	0.14	5.2	6.75	0.45	5	3	8	1
ENSG00000186431	FCAR	5.18	5.33	0.15	0.0	4.32	6.23	0.49	4	3	8	1
ENSG00000187608	ISG15	8.74	8.33	-0.41	-0.12	6.58	10.82	1.31	8	3	2	7
ENSG00000011028	MRC2	5.39	4.92	-0.47	0.0	4.32	6.71	0.85	9	3	0	9
ENSG00000197461	PDGFA	5.03	4.53	-0.5	-0.09	4.32	5.64	0.37	11	1	1	10
ENSG00000112592	TBP	8.79	8.83	0.03	0.0	8.36	9.06	0.22	5	0	12	0
ENSG00000239732	TLR9	4.99	4.9	-0.08	0.0	4.32	6.26	0.58	7	1	7	4
ENSG00000012779	ALOX5	6.72	6.39	-0.33	0.0	4.69	8.45	1.06	8	3	2	7
ENSG00000115008	IL1A	6.86	6.62	-0.24	0.0	4.32	9.42	1.61	7	4	2	6
ENSG00000184371	CSF1	7.23	7.23	-0.0	0.0	5.4	8.89	1.1	6	5	1	6
ENSG00000163848	ZNF148	9.38	9.38	0.0	0.0	9.17	9.69	0.16	6	0	12	0
ENSG00000135392	DNAJC14	6.82	6.82	-0.0	0.0	6.44	7.25	0.21	6	0	12	0
ENSG00000171791	BCL2	8.44	8.58	0.14	0.14	6.92	10.54	1.01	5	5	4	3
ENSG00000011422	PLAUR	6.65	6.65	0.0	0.0	6.01	7.51	0.38	6	1	10	1
ENSG00000168329	CX3CR1	10.26	10.17	-0.09	0.0	9.18	11.08	0.6	7	3	6	3
ENSG00000091181	IL5RA	4.6	4.41	-0.18	0.0	4.32	5.09	0.22	10	0	12	0
ENSG00000165682	CLEC1B	4.32	4.32	0.0	0.0	4.32	4.32	0.0	0	0	12	0
ENSG00000189420	ZFP92	5.99	5.92	-0.07	-0.14	5.18	6.87	0.52	7	2	6	4
ENSG00000121594	CD80	5.92	6.66	0.73	0.22	4.32	8.46	1.44	3	9	0	3
ENSG00000169504	CLIC4	7.37	7.6	0.22	0.12	6.42	9.02	0.74	4	6	2	4
ENSG00000095303	PTGS1	5.28	4.73	-0.56	-0.1	4.32	6.26	0.66	10	2	1	9
ENSG00000136689	IL1RN	5.41	5.54	0.13	0.0	4.32	7.14	0.88	5	6	3	3
ENSG00000081041	CXCL2	8.08	7.59	-0.48	-0.22	5.83	9.33	1.0	9	3	2	7
ENSG00000282608	ADORA3	5.42	4.88	-0.54	-0.3	4.32	6.29	0.65	10	2	2	8
ENSG00000138316	ADAMTS14	4.62	4.42	-0.2	0.0	4.32	5.01	0.23	10	0	12	0
ENSG00000150630	VEGFC	4.86	4.6	-0.26	0.0	4.32	5.44	0.45	9	2	2	8
ENSG00000105514	RAB3D	6.6	6.37	-0.23	-0.12	5.43	7.81	0.74	8	3	4	5
ENSG00000157873	TNFRSF14	6.55	6.55	0.0	0.0	6.15	7.11	0.29	6	1	11	0
ENSG00000132170	PPARG	5.29	6.1	0.81	0.27	4.32	6.61	0.57	1	11	0	1
ENSG00000006327	TNFRSF12A	5.08	5.03	-0.05	0.0	4.32	5.86	0.39	7	1	10	1
ENSG00000133619	KRBA1	4.6	4.38	-0.22	-0.09	4.32	4.86	0.15	11	0	12	0
ENSG00000196652	ZKSCAN5	6.22	6.22	-0.0	0.0	5.87	6.58	0.19	6	0	12	0
ENSG00000099860	GADD45B	9.72	10.04	0.33	0.22	8.88	10.92	0.65	3	5	5	2
ENSG00000102970	CCL17	4.65	4.43	-0.22	0.0	4.32	5.16	0.26	10	1	11	0
ENSG00000196262	PPIA	13.34	13.28	-0.05	0.0	12.62	13.86	0.37	7	1	9	2
ENSG00000231925	TAPBP	10.98	10.86	-0.12	-0.12	10.43	11.58	0.39	8	2	9	1
ENSG00000172156	CCL11	4.9	4.71	-0.19	-0.33	4.32	5.67	0.41	9	1	6	5
ENSG00000164219	PGGT1B	8.62	8.59	-0.03	0.0	8.33	9.02	0.2	7	0	12	0
ENSG00000163235	TGFA	5.93	6.05	0.12	0.0	5.31	6.55	0.38	4	2	8	2
ENSG00000169919	GUSB	9.32	9.35	0.03	0.0	9.05	9.71	0.21	5	0	12	0
ENSG00000188379	IFNA2	4.32	4.32	0.0	0.0	4.32	4.32	0.0	0	0	12	0
ENSG00000015285	WAS	9.39	9.27	-0.12	-0.11	8.84	9.78	0.26	9	0	10	2
ENSG00000105639	JAK3	8.69	8.51	-0.18	-0.12	7.82	9.64	0.58	8	2	5	5
ENSG00000213903	LTB4R	6.58	6.64	0.07	0.14	6.01	7.43	0.44	5	2	9	1
ENSG00000173391	OLR1	5.63	5.45	-0.17	0.0	4.32	7.11	1.1	7	4	2	6
ENSG00000108700	CCL8	6.43	6.19	-0.24	0.0	4.32	9.09	1.59	7	4	2	6
ENSG00000165168	CYBB	8.89	8.41	-0.48	0.0	6.74	11.0	1.42	8	4	0	8
ENSG00000181374	CCL13	4.7	4.47	-0.23	-0.2	4.32	5.09	0.26	10	0	12	0
ENSG00000174837	ADGRE1	4.79	4.42	-0.37	-0.09	4.32	5.23	0.26	11	0	12	0
ENSG00000204209	DAXX	9.47	9.3	-0.18	-0.2	8.81	9.84	0.24	10	0	11	1
ENSG00000118523	CTGF	4.32	4.32	0.0	0.0	4.32	4.32	0.0	0	0	12	0
ENSG00000144233	AMMECR1L	8.09	8.09	-0.0	0.0	7.86	8.38	0.19	6	0	12	0
ENSG00000028116	VRK2	7.96	7.87	-0.09	-0.12	7.38	8.46	0.3	8	0	11	1
ENSG00000081237	PTPRC	11.21	11.21	-0.0	0.0	10.76	11.68	0.28	6	0	12	0
ENSG00000185022	MAFF	7.34	7.42	0.08	0.0	6.42	8.17	0.53	5	2	9	1
ENSG00000128604	IRF5	6.78	7.0	0.22	0.22	6.29	7.79	0.45	3	2	10	0
ENSG00000131203	IDO1	9.24	9.0	-0.24	-0.14	6.61	11.53	1.59	7	4	2	6
ENSG00000130787	HIP1R	7.25	7.13	-0.12	0.0	6.38	7.88	0.42	8	2	8	2
ENSG00000102096	PIM2	9.4	9.83	0.43	0.11	8.2	11.34	0.86	3	8	1	3
ENSG00000102245	CD40LG	6.74	6.87	0.12	0.0	5.71	8.75	0.89	5	3	4	5
ENSG00000111144	LTA4H	9.42	9.63	0.21	0.22	8.88	10.37	0.42	3	3	7	2
ENSG00000167081	PBX3	6.02	6.08	0.07	0.14	5.22	6.94	0.48	5	2	9	1
ENSG00000169397	RNASE3	4.32	4.32	0.0	0.0	4.32	4.32	0.0	0	0	12	0
ENSG00000129566	TEP1	7.67	7.47	-0.2	-0.3	7.11	8.01	0.26	10	0	10	2
ENSG00000122223	CD244	7.44	7.51	0.06	0.14	7.0	8.18	0.41	5	3	9	0
ENSG00000007952	NOX1	4.32	4.32	0.0	0.0	4.32	4.32	0.0	0	0	12	0
ENSG00000115414	FN1	6.68	5.16	-1.52	0.0	4.32	8.98	1.72	10	2	0	10
ENSG00000161533	ACOX1	8.08	8.01	-0.07	-0.12	7.64	8.47	0.22	8	0	12	0
ENSG00000176105	YES1	10.37	10.06	-0.31	-0.22	9.35	11.37	0.61	9	2	4	6
ENSG00000153234	NR4A2	8.17	8.17	0.0	0.0	5.27	10.57	1.39	6	5	3	4
ENSG00000107798	LIPA	9.9	9.56	-0.33	0.0	8.62	11.92	1.01	8	4	0	8
ENSG00000120833	SOCS2	7.76	7.76	0.0	0.0	4.32	12.18	2.08	6	5	2	5
