ENSG00000006071	4.86438079354261	11.1875355953052	4.36438079354261	5.36438079354261
ENSG00000111271	7.20228230890631	13.5869061483301	6.70228230890631	7.70228230890631
ENSG00000102794	5.87600373715834	10.7453220967591	5.37600373715834	6.37600373715834
ENSG00000184227	4.32192809488736	0.0	3.82192809488736	4.82192809488736
ENSG00000162390	4.3646404230137	0.0	3.8646404230137	4.8646404230137
ENSG00000161533	8.0773680419822	6.26710880029686	7.5773680419822	8.5773680419822
ENSG00000075624	14.4875804135392	13.1915475618509	13.9875804135392	14.9875804135392
ENSG00000135074	6.77447563500692	12.4018074477406	6.27447563500692	7.27447563500692
ENSG00000151651	9.31575527897914	9.31508861287584	8.81575527897914	9.81575527897914
ENSG00000154734	6.85228228516312	6.34840911889579	6.35228228516312	7.35228228516312
ENSG00000151388	5.207986724857	9.39780276068283	4.707986724857	5.707986724857
ENSG00000138316	4.62483694715198	112.171252010105	4.12483694715198	5.12483694715198
ENSG00000140470	5.37683965560383	9.64618824740107	4.87683965560383	5.87683965560383
ENSG00000087116	4.32192809488736	0.0	3.82192809488736	4.82192809488736
ENSG00000156140	4.32192809488736	0.0	3.82192809488736	4.82192809488736
ENSG00000158859	5.50541534362064	9.37202707930755	5.00541534362064	6.00541534362064
ENSG00000163638	4.32192809488736	0.0	3.82192809488736	4.82192809488736
ENSG00000241684	4.32192809488736	0.0	3.82192809488736	4.82192809488736
ENSG00000078549	4.32192809488736	0.0	3.82192809488736	4.82192809488736
ENSG00000174837	4.78775101218496	24.8356958524621	4.28775101218496	5.28775101218496
ENSG00000123146	11.1533488344414	12.7453006820024	10.6533488344414	11.6533488344414
ENSG00000128271	5.62618044995939	7.30107531527291	5.12618044995939	6.12618044995939
ENSG00000282608	5.41676705928533	15.8858187762253	4.91676705928533	5.91676705928533
ENSG00000204472	7.02901793672537	31.2955847147263	6.52901793672537	7.52901793672537
ENSG00000170776	10.0166473095969	7.96655506908013	9.51664730959694	10.5166473095969
ENSG00000170017	7.46675818160687	5.58184423133393	6.96675818160687	7.96675818160687
ENSG00000161905	4.67730451551827	21.0744563290541	4.17730451551827	5.17730451551827
ENSG00000012779	6.72244513462961	9.55570275448971	6.22244513462961	7.22244513462961
ENSG00000154188	5.37581166918764	8.78461944439917	4.87581166918764	5.87581166918764
ENSG00000091879	4.32192809488736	0.0	3.82192809488736	4.82192809488736
ENSG00000011201	4.32192809488736	0.0	3.82192809488736	4.82192809488736
ENSG00000135046	12.3722538112329	5.60646392519882	11.8722538112329	12.8722538112329
ENSG00000196975	8.02117453426698	11.1276102983135	7.52117453426698	8.52117453426698
ENSG00000136250	11.2071997484183	5.59521945544123	10.7071997484183	11.7071997484183
ENSG00000130203	5.51254365578883	6504.6670284838	5.01254365578883	6.01254365578883
ENSG00000109321	5.09497309699242	20.7329828641886	4.59497309699242	5.59497309699242
ENSG00000165527	11.8463861476495	10.5879231270986	11.3463861476495	12.3463861476495
ENSG00000118520	4.32192809488736	0.0	3.82192809488736	4.82192809488736
ENSG00000214944	5.33877804077336	5.4979115516424	4.83877804077336	5.83877804077336
ENSG00000129675	9.78664753166824	16.6207982580324	9.28664753166824	10.2866475316682
ENSG00000162772	8.28352032389733	5.82665451100027	7.78352032389733	8.78352032389733
ENSG00000121578	7.44621583148116	8.63181699945316	6.94621583148116	7.94621583148116
ENSG00000156127	7.41543410751131	9.20517593805418	6.91543410751131	7.91543410751131
ENSG00000123685	6.24246539379181	9.66369162405397	5.74246539379181	6.74246539379181
ENSG00000142867	9.4290831808634	12.7095441542057	8.9290831808634	9.9290831808634
ENSG00000171791	8.4379932780528	4.95375582241013	7.9379932780528	8.9379932780528
ENSG00000113916	7.64783632862345	9.71115095093554	7.14783632862345	8.14783632862345
ENSG00000015475	9.35643486416891	7.566737124093	8.85643486416891	9.85643486416891
ENSG00000110330	10.0180159572054	12.1043893476675	9.51801595720543	10.5180159572054
ENSG00000023445	11.1992268419837	11.2111327119813	10.6992268419837	11.6992268419837
ENSG00000089685	6.35216797998319	11.3210230020583	5.85216797998319	6.85216797998319
ENSG00000183682	5.02966551700351	7.66568472030723	4.52966551700351	5.52966551700351
ENSG00000159388	10.030294357818	5.4723517259109	9.53029435781795	10.530294357818
ENSG00000010671	5.04662764082963	6.30477723691209	4.54662764082963	5.54662764082963
ENSG00000186265	5.49498969190488	3.76618823180192	4.99498969190488	5.99498969190488
ENSG00000173372	4.32192809488736	0.0	3.82192809488736	4.82192809488736
ENSG00000173369	5.24608577833716	15.5313556813714	4.74608577833716	5.74608577833716
ENSG00000159189	4.62966409903257	14.2362301337476	4.12966409903257	5.12966409903257
ENSG00000125730	5.57710929082844	9.52219857434238	5.07710929082844	6.07710929082844
ENSG00000171860	7.21178657860886	5.81888006958543	6.71178657860886	7.71178657860886
ENSG00000244731	4.66492811294985	9.71948664999922	4.16492811294985	5.16492811294985
ENSG00000106804	4.34604618771379	0.0	3.84604618771379	4.84604618771379
ENSG00000197405	5.87621143551474	10.639689070035	5.37621143551474	6.37621143551474
ENSG00000179218	12.7440097280662	8.63945523517522	12.2440097280662	13.2440097280662
ENSG00000164047	4.32192809488736	0.0	3.82192809488736	4.82192809488736
ENSG00000003400	8.83877744437027	5.60794534034399	8.33877744437027	9.33877744437027
ENSG00000137757	4.32192809488736	0.0	3.82192809488736	4.82192809488736
ENSG00000165806	7.73465046988767	7.31757359985688	7.23465046988767	8.23465046988767
ENSG00000105974	4.32192809488736	0.0	3.82192809488736	4.82192809488736
ENSG00000159228	7.15854771368333	5.6911756084996	6.65854771368333	7.65854771368333
ENSG00000108702	8.06900549411782	14.3163184544012	7.56900549411782	8.56900549411782
ENSG00000172156	4.90078384248966	5.31085066374717	4.40078384248966	5.40078384248966
ENSG00000181374	4.69709774857672	42.2956206028102	4.19709774857672	5.19709774857672
ENSG00000102970	4.65020031129556	27.2743986900242	4.15020031129556	5.15020031129556
ENSG00000275385	5.25528179556754	24.9113731523781	4.75528179556754	5.75528179556754
ENSG00000172724	6.53152743081193	54.1196197719607	6.03152743081193	7.03152743081193
ENSG00000108691	10.0305898493358	5.62000668084138	9.5305898493358	10.5305898493358
ENSG00000115009	6.6455975642116	21.9634192110254	6.1455975642116	7.1455975642116
ENSG00000102962	8.60234972946688	6.60253189455911	8.10234972946688	9.10234972946688
ENSG00000106178	6.99829921869505	11.0518450758369	6.49829921869505	7.49829921869505
ENSG00000151882	7.89649834617479	14.2648655055726	7.39649834617479	8.39649834617479
ENSG00000277632	10.8763924687427	8.24431098313983	10.3763924687427	11.3763924687427
ENSG00000275302	12.9739524245779	14.8117980922605	12.4739524245779	13.4739524245779
ENSG00000271503	13.6674726841482	5.06751460298765	13.1674726841482	14.1674726841482
ENSG00000108688	5.192221077093	10.6606928762976	4.692221077093	5.692221077093
ENSG00000108700	6.42915859637669	10.8439719584144	5.92915859637669	6.92915859637669
ENSG00000157456	6.10600931750927	14.1653129089101	5.60600931750927	6.60600931750927
ENSG00000163823	8.03738610757287	10.5367127568303	7.53738610757287	8.53738610757287
ENSG00000121807	6.01034456729202	7.70666814348475	5.51034456729202	6.51034456729202
ENSG00000183625	4.32192809488736	0.0	3.82192809488736	4.82192809488736
ENSG00000160791	7.90189856829392	9.70273937568625	7.40189856829392	8.40189856829392
ENSG00000112486	5.94888128688527	13.0204231714141	5.44888128688527	6.44888128688527
ENSG00000126353	7.93165255517503	9.36673533679431	7.43165255517503	8.43165255517503
ENSG00000179934	4.32192809488736	0.0	3.82192809488736	4.82192809488736
ENSG00000121797	5.61752284468553	13.2388949388673	5.11752284468553	6.11752284468553
ENSG00000177697	5.2656247859256	5.44342680677547	4.7656247859256	5.7656247859256
ENSG00000134061	5.90161535195689	8.99326292709195	5.40161535195689	6.40161535195689
ENSG00000158477	5.2468546774632	10.345367372932	4.7468546774632	5.7468546774632
ENSG00000158485	4.7824366233122	9.83375990603114	4.2824366233122	5.2824366233122
ENSG00000158481	5.25763733704561	11.6115522393776	4.75763733704561	5.75763733704561
ENSG00000158488	4.87363448290928	6.13413916703935	4.37363448290928	5.37363448290928
ENSG00000090659	4.9612045623501	6.51816970388656	4.4612045623501	5.4612045623501
ENSG00000122223	7.44349378798666	10.3113489106566	6.94349378798666	7.94349378798666
ENSG00000198821	10.5477730088107	5.19984074306583	10.0477730088107	11.0477730088107
ENSG00000139193	6.1457678663717	7.22964778687826	5.6457678663717	6.6457678663717
ENSG00000120217	7.55752957076258	14.8470359138026	7.05752957076258	8.05752957076258
ENSG00000103855	5.50292953334137	12.0151116748793	5.00292953334137	6.00292953334137
ENSG00000178562	6.69138952225008	11.3731941096071	6.19138952225008	7.19138952225008
ENSG00000174059	4.32192809488736	0.0	3.82192809488736	4.82192809488736
ENSG00000004468	9.40983865943884	14.3801994706118	8.90983865943884	9.90983865943884
ENSG00000101017	6.28108691041515	5.29069096512128	5.78108691041515	6.78108691041515
ENSG00000102245	6.74333935677779	5.77113931336717	6.24333935677779	7.24333935677779
ENSG00000026508	12.0544243805281	18.0146857162342	11.5544243805281	12.5544243805281
ENSG00000110848	10.5994488828666	6.85383934204639	10.0994488828666	11.0994488828666
ENSG00000125726	6.49412837421165	4.54245921830643	5.99412837421165	6.99412837421165
ENSG00000019582	11.6547027555323	5.50263927801671	11.1547027555323	12.1547027555323
ENSG00000121594	5.92156538624573	9.49978923169647	5.42156538624573	6.42156538624573
ENSG00000112149	9.58997650265624	8.79301534493078	9.08997650265624	10.0899765026562
ENSG00000066294	7.65915006528662	8.63496028955292	7.15915006528662	8.15915006528662
ENSG00000114013	6.15648914979468	4.10806623135625	5.65648914979468	6.65648914979468
ENSG00000002586	9.85587763481623	4.94741590445193	9.35587763481623	10.3558776348162
ENSG00000117399	5.69415966000434	17.706746272635	5.19415966000434	6.19415966000434
ENSG00000039068	4.48862280923186	140.424870602046	3.98862280923186	4.98862280923186
ENSG00000140937	4.32192809488736	0.0	3.82192809488736	4.82192809488736
ENSG00000140945	4.65428640654898	38.0096853643511	4.15428640654898	5.15428640654898
ENSG00000170558	4.93673276969976	13.6494766545464	4.43673276969976	5.43673276969976
ENSG00000179242	4.75491562170656	14.310141080658	4.25491562170656	5.25491562170656
ENSG00000179776	4.32192809488736	0.0	3.82192809488736	4.82192809488736
ENSG00000124762	8.14398729160038	9.74451807099531	7.64398729160038	8.64398729160038
ENSG00000079385	4.95328226489455	1196.2029861042	4.45328226489455	5.45328226489455
ENSG00000124469	4.32192809488736	0.0	3.82192809488736	4.82192809488736
ENSG00000245848	6.74698735567133	7.04658367988519	6.24698735567133	7.24698735567133
ENSG00000172216	9.45717369592944	8.1273865956353	8.95717369592944	9.95717369592944
ENSG00000221869	10.7591221791648	6.46111582736645	10.2591221791648	11.2591221791648
ENSG00000153879	9.58262462647608	7.43784951332419	9.08262462647608	10.0826246264761
ENSG00000087237	4.94916516209976	14.0218374445444	4.44916516209976	5.44916516209976
ENSG00000105205	5.38856383944778	4.02601557397017	4.88856383944778	5.88856383944778
ENSG00000163347	4.32192809488736	0.0	3.82192809488736	4.82192809488736
ENSG00000165682	4.32192809488736	0.0	3.82192809488736	4.82192809488736
ENSG00000258227	7.72228709689684	7.0348831088274	7.22228709689684	8.22228709689684
ENSG00000172243	6.42433501972917	6.92567213982991	5.92433501972917	6.92433501972917
ENSG00000197992	4.41855137797985	137.082144049338	3.91855137797985	4.91855137797985
ENSG00000169504	7.37281016161149	7.73082470022868	6.87281016161149	7.87281016161149
ENSG00000092009	4.71915099140437	49.9421536360472	4.21915099140437	5.21915099140437
ENSG00000142675	5.48411344259029	10.0229666671954	4.98411344259029	5.98411344259029
ENSG00000064666	10.2330210738056	7.15174944355668	9.7330210738056	10.7330210738056
ENSG00000123500	4.4843333965976	0.0	3.9843333965976	4.9843333965976
ENSG00000060718	5.04844859530592	9.27137225142635	4.54844859530592	5.54844859530592
ENSG00000111799	4.4843333965976	0.0	3.9843333965976	4.9843333965976
ENSG00000187955	5.0362839219152	22.4245383279772	4.5362839219152	5.5362839219152
ENSG00000204291	4.58869266983174	27.3878282427638	4.08869266983174	5.08869266983174
ENSG00000065618	4.32192809488736	0.0	3.82192809488736	4.82192809488736
ENSG00000164692	4.32192809488736	0.0	3.82192809488736	4.82192809488736
ENSG00000168542	5.21338756838819	8.40963702168581	4.71338756838819	5.71338756838819
ENSG00000187498	4.77505175751766	41.4490731732085	4.27505175751766	5.27505175751766
ENSG00000134871	5.15170466596504	15.4037004471866	4.65170466596504	5.65170466596504
ENSG00000163751	4.32192809488736	0.0	3.82192809488736	4.82192809488736
ENSG00000143320	5.79596170045212	5.42558915329334	5.29596170045212	6.29596170045212
ENSG00000095794	9.36436305117213	6.85505431276288	8.86436305117213	9.86436305117213
ENSG00000213145	10.5527881787706	10.6850558664435	10.0527881787706	11.0527881787706
ENSG00000184371	7.2309835967995	11.6500985959095	6.7309835967995	7.7309835967995
ENSG00000182578	4.85867525790075	157.501220569717	4.35867525790075	5.35867525790075
ENSG00000164400	7.0796976900753	7.19735592188263	6.5796976900753	7.5796976900753
ENSG00000198223	8.16115565064927	9.16668221691173	7.66115565064927	8.66115565064927
ENSG00000108342	4.32192809488736	0.0	3.82192809488736	4.82192809488736
ENSG00000119535	4.9393439144466	29.9154505880861	4.4393439144466	5.4393439144466
ENSG00000118523	4.32192809488736	0.0	3.82192809488736	4.82192809488736
ENSG00000163599	5.00366420827056	5.01565639908715	4.50366420827056	5.50366420827056
ENSG00000168036	11.2654745392723	9.85286840949154	10.7654745392723	11.7654745392723
ENSG00000100448	4.32192809488736	0.0	3.82192809488736	4.82192809488736
ENSG00000135047	7.9488647730882	5.78138645969497	7.4488647730882	8.4488647730882
ENSG00000163131	11.3886296772231	7.75238491853457	10.8886296772231	11.8886296772231
ENSG00000077063	5.45848911101428	8.44474169400888	4.95848911101428	5.95848911101428
ENSG00000006210	4.32192809488736	0.0	3.82192809488736	4.82192809488736
ENSG00000168329	10.257351243849	8.40263558750589	9.75735124384904	10.757351243849
ENSG00000163739	8.09783513651641	14.0434765316143	7.59783513651641	8.59783513651641
ENSG00000169245	7.73156007377488	6.87146147758269	7.23156007377488	8.23156007377488
ENSG00000169248	5.2613061796954	20.2897309487642	4.7613061796954	5.7613061796954
ENSG00000156234	4.32192809488736	0.0	3.82192809488736	4.82192809488736
ENSG00000161921	6.96512871208731	4.12423043768918	6.46512871208731	7.46512871208731
ENSG00000081041	8.07519534893819	6.39353357447027	7.57519534893819	8.57519534893819
ENSG00000163734	8.44111562721234	8.02613123114859	7.94111562721234	8.94111562721234
ENSG00000163735	6.88651243004325	8.11873497964867	6.38651243004325	7.38651243004325
ENSG00000124875	4.32192809488736	0.0	3.82192809488736	4.82192809488736
ENSG00000169429	13.7795222864854	12.4734826879394	13.2795222864854	14.2795222864854
ENSG00000138755	6.90676272098535	9.72880193896119	6.40676272098535	7.40676272098535
ENSG00000180871	6.75702586500855	3.9824669270326	6.25702586500855	7.25702586500855
ENSG00000186810	8.93832291385762	4.55285146749241	8.43832291385762	9.43832291385762
ENSG00000121966	12.1447343984184	15.5459164893848	11.6447343984184	12.6447343984184
ENSG00000165168	8.89260109612646	27.0635348491335	8.39260109612646	9.39260109612646
ENSG00000138061	8.5339803957498	4.82679417907528	8.0339803957498	9.0339803957498
ENSG00000160868	4.32192809488736	0.0	3.82192809488736	4.82192809488736
ENSG00000142871	5.01717722880882	6.76653817482811	4.51717722880882	5.51717722880882
ENSG00000173198	7.41750857744373	8.57378304499206	6.91750857744373	7.91750857744373
ENSG00000115165	12.5357294379277	13.7171449617389	12.0357294379277	13.0357294379277
ENSG00000164535	7.5854863209161	9.70345828313377	7.0854863209161	8.0854863209161
ENSG00000204209	9.4749716613086	4.99773689047578	8.9749716613086	9.9749716613086
ENSG00000162733	4.88829285832168	29.8667563064821	4.38829285832168	5.38829285832168
ENSG00000175084	4.32192809488736	0.0	3.82192809488736	4.82192809488736
ENSG00000105993	11.7269806684896	6.24982484796555	11.2269806684896	12.2269806684896
ENSG00000197635	6.76260863891752	23.0566055304669	6.26260863891752	7.26260863891752
ENSG00000120129	10.4213749335037	11.4360653577324	9.92137493350369	10.9213749335037
ENSG00000158050	8.51537861104189	13.2405461844337	8.01537861104189	9.01537861104189
ENSG00000139318	8.63809511693447	12.8517760802943	8.13809511693447	9.13809511693447
	4.99537557692559	9.09421903298021	4.49537557692559	5.49537557692559
ENSG00000156508	15.6116961573358	17.4675445468095	15.1116961573358	16.1116961573358
ENSG00000138798	4.32192809488736	0.0	3.82192809488736	4.82192809488736
ENSG00000122877	7.97944785014253	5.04895975411159	7.47944785014253	8.47944785014253
ENSG00000179388	7.27972643496653	5.36739713494101	6.77972643496653	7.77972643496653
ENSG00000148730	9.10424186774454	6.00841621103849	8.60424186774454	9.60424186774454
ENSG00000197561	5.388306912524	9.38263470824926	4.888306912524	5.888306912524
ENSG00000118985	8.52661133706683	11.4071908426133	8.02661133706683	9.02661133706683
ENSG00000170522	8.41904683346023	28.2996789888758	7.91904683346023	8.91904683346023
ENSG00000134531	7.99232729803449	5.03192027555735	7.49232729803449	8.49232729803449
ENSG00000163064	4.71192583741437	21.1010583055358	4.21192583741437	5.21192583741437
ENSG00000171617	7.43720974775293	6.32118287662456	6.93720974775293	7.93720974775293
ENSG00000138792	4.66702488379979	0.0	4.16702488379979	5.16702488379979
ENSG00000136960	4.82174773546138	0.0	4.32174773546138	5.32174773546138
ENSG00000106123	4.87394919956767	16.9715339416824	4.37394919956767	5.37394919956767
ENSG00000121053	4.32192809488736	0.0	3.82192809488736	4.82192809488736
ENSG00000012061	7.17858654577382	6.31328327694868	6.67858654577382	7.67858654577382
ENSG00000157554	4.32192809488736	0.0	3.82192809488736	4.82192809488736
ENSG00000134954	11.2693416975279	8.61275367040702	10.7693416975279	11.7693416975279
ENSG00000158769	8.74128895192903	9.37202181099121	8.24128895192903	9.24128895192903
ENSG00000170323	4.42691196745304	42.8117895263596	3.92691196745304	4.92691196745304
ENSG00000168040	4.53678815756102	13.0311138440669	4.03678815756102	5.03678815756102
ENSG00000185104	9.05636518470789	3.83725084085945	8.55636518470789	9.55636518470789
ENSG00000026103	8.5185155511911	14.8427252234626	8.0185155511911	9.0185155511911
ENSG00000169710	6.05812961477219	6.98089619926193	5.55812961477219	6.55812961477219
ENSG00000165140	7.40144860517391	20.157344967407	6.90144860517391	7.90144860517391
ENSG00000183580	4.72858322403041	29.9519163582259	4.22858322403041	5.22858322403041
ENSG00000186431	5.18280912605061	5.92825078534533	4.68280912605061	5.68280912605061
ENSG00000179639	5.77502760969965	41.7293647554498	5.27502760969965	6.27502760969965
ENSG00000104921	4.75283771882517	12.6701701638513	4.25283771882517	5.25283771882517
ENSG00000150337	5.37832392470115	52.3205033899791	4.87832392470115	5.87832392470115
ENSG00000143226	7.5250269532078	8.33597079151233	7.0250269532078	8.0250269532078
ENSG00000072694	7.05985531275564	7.80017401396838	6.55985531275564	7.55985531275564
ENSG00000203747	11.3324463360482	10.1747975993938	10.8324463360482	11.8324463360482
ENSG00000085265	6.62183771634958	13.7119695887803	6.12183771634958	7.12183771634958
ENSG00000070193	4.32192809488736	0.0	3.82192809488736	4.82192809488736
ENSG00000156427	4.32192809488736	0.0	3.82192809488736	4.82192809488736
ENSG00000138685	4.32192809488736	0.0	3.82192809488736	4.82192809488736
ENSG00000140285	5.04936076517641	6.98737185178724	4.54936076517641	5.54936076517641
ENSG00000077782	6.51004503411548	8.3975243324851	6.01004503411548	7.01004503411548
ENSG00000136068	7.28129061275658	10.029126729856	6.78129061275658	7.78129061275658
ENSG00000185070	4.37308919048571	0.0	3.87308919048571	4.87308919048571
ENSG00000102755	6.32952915268607	11.3448660483367	5.82952915268607	6.82952915268607
ENSG00000122025	5.29153559574676	9.6598430072605	4.79153559574676	5.79153559574676
ENSG00000115414	6.68157389786116	197.700179721801	6.18157389786116	7.18157389786116
ENSG00000125740	6.59135186966593	13.4070889834119	6.09135186966593	7.09135186966593
ENSG00000175592	5.35439065940518	10.7494293171929	4.85439065940518	5.85439065940518
ENSG00000171051	4.80680265903169	0.0	4.30680265903169	5.30680265903169
ENSG00000171049	4.51945949464615	0.0	4.01945949464615	5.01945949464615
ENSG00000187474	6.99164787849424	12.0918638284299	6.49164787849424	7.49164787849424
ENSG00000075618	7.11474888654237	6.6616338473884	6.61474888654237	7.61474888654237
ENSG00000140564	9.44271245091669	19.7034175046056	8.94271245091669	9.94271245091669
ENSG00000196371	6.9235877530571	5.67369049980007	6.4235877530571	7.4235877530571
ENSG00000010810	11.8383555350796	10.4753635778177	11.3383555350796	12.3383555350796
ENSG00000174804	4.40881162875572	0.0	3.90881162875572	4.90881162875572
ENSG00000164930	5.32843001379786	6.11870030297232	4.82843001379786	5.82843001379786
ENSG00000188763	4.32192809488736	0.0	3.82192809488736	4.82192809488736
ENSG00000099860	9.71592693145618	9.48266381379364	9.21592693145618	10.2159269314562
ENSG00000102145	4.32192809488736	0.0	3.82192809488736	4.82192809488736
ENSG00000179348	4.32192809488736	0.0	3.82192809488736	4.82192809488736
ENSG00000107485	9.65626793037476	5.00891883696907	9.15626793037476	10.1562679303748
ENSG00000141448	4.50253154000673	0.0	4.00253154000673	5.00253154000673
ENSG00000131979	10.1298929450577	16.5257056808618	9.62989294505767	10.6298929450577
ENSG00000164949	6.33833830563785	5.21272548650902	5.83833830563785	6.83833830563785
ENSG00000090863	10.3742211161211	5.7328840670578	9.87422111612111	10.8742211161211
ENSG00000065135	9.17503751332933	5.08419834119551	8.67503751332933	9.67503751332933
ENSG00000169508	9.55210709407603	8.70752042624807	9.05210709407603	10.052107094076
ENSG00000140030	8.05562503184656	6.2999488879886	7.55562503184656	8.55562503184656
ENSG00000030582	8.4417588916994	19.7617767547759	7.9417588916994	8.9417588916994
ENSG00000148180	7.89751046304431	11.3484837348818	7.39751046304431	8.39751046304431
ENSG00000145736	9.22995048728189	5.38880234913256	8.72995048728189	9.72995048728189
ENSG00000145649	13.3950857884453	19.0511505907247	12.8950857884453	13.8950857884453
ENSG00000113249	7.39133930573161	9.28519415654379	6.89133930573161	7.89133930573161
ENSG00000135077	9.72081279833122	5.02088789381954	9.22081279833122	10.2208127983312
ENSG00000113070	4.83431678934613	6.86284071558594	4.33431678934613	5.33431678934613
ENSG00000108840	7.01626220869462	23.3977567466622	6.51626220869462	7.51626220869462
ENSG00000094631	7.41578481559068	10.0695327591939	6.91578481559068	7.91578481559068
ENSG00000140287	5.10349680932217	17.6864497222582	4.60349680932217	5.60349680932217
ENSG00000114315	5.53215409164456	21.869091633049	5.03215409164456	6.03215409164456
ENSG00000019991	4.80680265903169	0.0	4.30680265903169	5.30680265903169
ENSG00000100644	11.8657415353226	4.3494376897574	11.3657415353226	12.3657415353226
ENSG00000130787	7.25388028254642	4.79329429334912	6.75388028254642	7.75388028254642
ENSG00000187837	12.2884621749737	12.4980989045144	11.7884621749737	12.7884621749737
ENSG00000203812	9.44742317416738	7.2087009393617	8.94742317416738	9.94742317416738
ENSG00000095951	8.7776734626095	7.87410075136148	8.2776734626095	9.2776734626095
ENSG00000204257	8.20603221441199	10.274065219823	7.70603221441199	8.70603221441199
ENSG00000179344	7.13707943712112	4.50129029319626	6.63707943712112	7.63707943712112
ENSG00000189403	8.82963360833841	6.60206948177639	8.32963360833841	9.32963360833841
ENSG00000275410	5.57629498860166	7.0391746433119	5.07629498860166	6.07629498860166
ENSG00000170166	4.32192809488736	0.0	3.82192809488736	4.82192809488736
ENSG00000164120	4.70596731239559	0.0	4.20596731239559	5.20596731239559
ENSG00000163106	4.58069193005599	0.0	4.08069193005599	5.08069193005599
ENSG00000174775	6.86544270334791	4.62060560717609	6.36544270334791	7.36544270334791
ENSG00000142798	4.32192809488736	0.0	3.82192809488736	4.82192809488736
ENSG00000090339	8.55962327894824	8.03098229487643	8.05962327894824	9.05962327894824
ENSG00000163600	8.09855243807053	6.47273749212479	7.59855243807053	8.59855243807053
ENSG00000160223	6.21265141179613	6.62874372417912	5.71265141179613	6.71265141179613
ENSG00000125968	6.21269250025965	6.11562408781438	5.71269250025965	6.71269250025965
ENSG00000115738	10.7207259397004	11.3896436383185	10.2207259397004	11.2207259397004
ENSG00000117318	5.18802723177018	8.99861017251736	4.68802723177018	5.68802723177018
ENSG00000131203	9.2401137039583	10.440586447762	8.7401137039583	9.7401137039583
ENSG00000188676	4.32192809488736	0.0	3.82192809488736	4.82192809488736
ENSG00000137331	8.03574108112395	4.72737545463221	7.53574108112395	8.53574108112395
ENSG00000185745	6.86116509623495	7.6653549409501	6.36116509623495	7.36116509623495
ENSG00000188379	4.32192809488736	0.0	3.82192809488736	4.82192809488736
ENSG00000111537	12.0455891552632	13.1811619893584	11.5455891552632	12.5455891552632
ENSG00000027697	10.6430204125048	7.87593243874568	10.1430204125048	11.1430204125048
ENSG00000017427	4.33266795859259	0.0	3.83266795859259	4.83266795859259
ENSG00000167244	4.32192809488736	0.0	3.82192809488736	4.82192809488736
ENSG00000263528	7.37424133853533	4.56539161703008	6.87424133853533	7.87424133853533
ENSG00000185811	10.911487584764	6.83996255091436	10.411487584764	11.411487584764
ENSG00000136634	5.33055863215919	27.2038849118638	4.83055863215919	5.83055863215919
ENSG00000110324	10.8518838169782	21.0378002134022	10.3518838169782	11.3518838169782
ENSG00000168811	5.29569446513211	7.42693194938172	4.79569446513211	5.79569446513211
ENSG00000113302	5.6809382700606	270.49974612273	5.1809382700606	6.1809382700606
ENSG00000164136	6.34875714458714	9.84789930381731	5.84875714458714	6.84875714458714
ENSG00000134470	5.11563465937865	18.8923336167756	4.61563465937865	5.61563465937865
ENSG00000177663	8.25428114169422	8.34239405456947	7.75428114169422	8.75428114169422
ENSG00000150782	5.8990177153279	5.04633693338132	5.3990177153279	6.3990177153279
ENSG00000115604	9.59709769838625	4.54013106130774	9.09709769838625	10.0970976983862
ENSG00000115008	6.85824274429927	7.95599539264532	6.35824274429927	7.35824274429927
ENSG00000125538	10.0146396548135	12.0123095387754	9.51463965481345	10.5146396548135
ENSG00000115594	4.95737886883788	5.61384174895707	4.45737886883788	5.45737886883788
ENSG00000115602	5.21537612706059	36.3465906257876	4.71537612706059	5.71537612706059
ENSG00000136689	5.4105610133401	9.59314945874639	4.9105610133401	5.9105610133401
ENSG00000109471	4.62443817141857	0.0	4.12443817141857	5.12443817141857
ENSG00000103522	8.56070776646816	8.6978722045469	8.06070776646816	9.06070776646816
ENSG00000127318	6.35494507286408	61.0599742892874	5.85494507286408	6.85494507286408
ENSG00000110944	6.55425593781855	5.18517063656972	6.05425593781855	7.05425593781855
ENSG00000166090	4.32192809488736	0.0	3.82192809488736	4.82192809488736
ENSG00000197272	5.29423841640891	6.58449153691722	4.79423841640891	5.79423841640891
ENSG00000104998	8.03325792154171	17.8881030162514	7.53325792154171	8.53325792154171
ENSG00000164399	6.28969412579572	7.16388531125877	5.78969412579572	6.78969412579572
ENSG00000137033	5.76801848945214	5.52587808397886	5.26801848945214	6.26801848945214
ENSG00000185291	6.52346720684445	5.10014652583074	6.02346720684445	7.02346720684445
ENSG00000113520	4.72989693134982	10.8782548296773	4.22989693134982	5.22989693134982
ENSG00000104951	7.84434524283079	3.92885274722067	7.34434524283079	8.34434524283079
ENSG00000077238	8.5730574825853	13.5770233503093	8.0730574825853	9.0730574825853
ENSG00000113525	4.45314467370304	0.0	3.95314467370304	4.95314467370304
ENSG00000091181	4.599058498188	15.4801631366956	4.099058498188	5.099058498188
ENSG00000136244	7.44264656418299	30.8983044120442	6.94264656418299	7.94264656418299
ENSG00000160712	5.92716872856899	4.429522016483	5.42716872856899	6.42716872856899
ENSG00000145839	4.32192809488736	0.0	3.82192809488736	4.82192809488736
ENSG00000186480	10.5463321206113	9.93991093925079	10.0463321206113	11.0463321206113
ENSG00000171105	4.32192809488736	0.0	3.82192809488736	4.82192809488736
ENSG00000125347	10.1989896417892	6.85694047781442	9.69898964178915	10.6989896417892
ENSG00000168310	9.29463889658242	7.34073670767521	8.79463889658242	9.79463889658242
ENSG00000137265	8.85313283103841	12.4120865583313	8.35313283103841	9.35313283103841
ENSG00000128604	6.78174247985676	7.12984256920746	6.28174247985676	7.28174247985676
ENSG00000140968	8.64889572657645	13.3558105694664	8.14889572657645	9.14889572657645
ENSG00000187608	8.74125685841787	8.9782048376344	8.24125685841787	9.24125685841787
ENSG00000115232	8.94333441310448	5.4648828312045	8.44333441310448	9.44333441310448
ENSG00000161638	10.0155834001142	5.90532273568727	9.51558340011425	10.5155834001142
ENSG00000005844	12.1278527189136	20.672570182326	11.6278527189136	12.6278527189136
ENSG00000169896	8.39523278044961	5.25287125782436	7.89523278044961	8.89523278044961
ENSG00000140678	9.79869587124028	9.4159176298856	9.29869587124028	10.2986958712403
ENSG00000150093	11.7272292645179	8.43418945388132	11.2272292645179	12.2272292645179
ENSG00000160255	10.3889703976709	4.71742226927471	9.88897039767092	10.8889703976709
ENSG00000139626	9.27575963869033	8.29432814417246	8.77575963869033	9.77575963869033
ENSG00000101384	5.20635402908322	10.0155856719274	4.70635402908322	5.70635402908322
ENSG00000105639	8.69002622209914	9.20071412703471	8.19002622209914	9.19002622209914
ENSG00000160593	9.4433132235043	6.27143053377027	8.9433132235043	9.9433132235043
ENSG00000177606	9.04527952764785	8.31446026268001	8.54527952764785	9.54527952764785
ENSG00000160145	4.54332263941494	59.310661580235	4.04332263941494	5.04332263941494
ENSG00000169282	4.32192809488736	0.0	3.82192809488736	4.82192809488736
	5.53061914062609	10.2763430787898	5.03061914062609	6.03061914062609
ENSG00000112984	4.88017735869362	21.511220749502	4.38017735869362	5.38017735869362
ENSG00000157404	6.3037490109024	6.65798481016167	5.8037490109024	6.8037490109024
ENSG00000049130	5.07171379384488	8.56278705652071	4.57171379384488	5.57171379384488
ENSG00000155090	9.29271949661977	9.04351116932215	8.79271949661977	9.79271949661977
ENSG00000142515	4.32192809488736	0.0	3.82192809488736	4.82192809488736
ENSG00000213809	12.281224979563	6.331980221556	11.781224979563	12.781224979563
ENSG00000133619	4.59729842029824	28.0001851774422	4.09729842029824	5.09729842029824
ENSG00000089692	8.97581525382626	16.1899135696677	8.47581525382626	9.47581525382626
ENSG00000172037	4.32192809488736	0.0	3.82192809488736	4.82192809488736
ENSG00000196878	4.83230213086708	5.71036099025048	4.33230213086708	5.33230213086708
ENSG00000078081	8.69630063486626	6.1255482392912	8.19630063486626	9.19630063486626
ENSG00000162511	11.9670962813705	5.94576359542885	11.4670962813705	12.4670962813705
ENSG00000213658	8.90621808726955	10.0208416203872	8.40621808726955	9.40621808726955
ENSG00000086730	9.32659567734892	5.77088894639807	8.82659567734892	9.82659567734892
ENSG00000130164	6.63131316204442	15.9188238451244	6.13131316204442	7.13131316204442
ENSG00000131981	9.90249895986754	7.615922153993	9.40249895986754	10.4024989598675
ENSG00000128342	7.97374435876701	8.42567036917119	7.47374435876701	8.47374435876701
ENSG00000107798	9.89599285998954	16.3418912579812	9.39599285998954	10.3959928599895
ENSG00000134013	5.50409207434077	5.01006844298923	5.00409207434077	6.00409207434077
ENSG00000175445	5.48117268553224	11.1836191941284	4.98117268553224	5.98117268553224
ENSG00000162337	4.76222459431272	17.5375519661231	4.26222459431272	5.26222459431272
ENSG00000070018	4.66112134035173	24.2900239161334	4.16112134035173	5.16112134035173
ENSG00000204482	6.99657061506292	4.8758583354297	6.49657061506292	7.49657061506292
ENSG00000226979	9.645415605552	29.099489070005	9.145415605552	10.145415605552
ENSG00000111144	9.42089917731141	6.8880221960103	8.92089917731141	9.92089917731141
ENSG00000227507	10.4548546083632	8.12028441639251	9.95485460836323	10.9548546083632
ENSG00000213903	6.57628664221329	10.0325198999276	6.07628664221329	7.07628664221329
ENSG00000213906	7.61911732719405	6.59131494699951	7.11911732719405	8.11911732719405
ENSG00000185022	7.33905174158916	21.1225338404348	6.83905174158916	7.83905174158916
ENSG00000172175	9.78828900489798	9.13719526600142	9.28828900489798	10.288289004898
ENSG00000104774	8.04483506779288	8.14190069692108	7.54483506779288	8.54483506779288
ENSG00000169032	9.88157430859528	7.13294807777825	9.38157430859528	10.3815743085953
ENSG00000126934	9.24740283147747	8.54345844325614	8.74740283147747	9.74740283147747
ENSG00000034152	9.53547615139671	14.3917107235607	9.03547615139671	10.0354761513967
ENSG00000065559	8.31832281614985	8.05995278038873	7.81832281614985	8.81832281614985
ENSG00000006062	7.79771725521045	8.70039876753856	7.29771725521045	8.29771725521045
ENSG00000085511	8.77685220742178	11.1086510637782	8.27685220742178	9.27685220742178
ENSG00000185386	5.2908286008269	7.90033336341805	4.7908286008269	5.7908286008269
ENSG00000188130	4.32192809488736	0.0	3.82192809488736	4.82192809488736
ENSG00000156711	7.6617503003239	8.2863035175159	7.1617503003239	8.1617503003239
ENSG00000112062	10.0942876631027	10.7591404699774	9.59428766310273	10.5942876631027
ENSG00000175130	8.07315144601759	8.62773466345888	7.57315144601759	8.57315144601759
ENSG00000019169	4.67046154484405	14.5218765012668	4.17046154484405	5.17046154484405
ENSG00000153208	5.98118700792587	79.3954469556343	5.48118700792587	6.48118700792587
ENSG00000105976	4.79904099464785	17.8632221624582	4.29904099464785	5.29904099464785
ENSG00000240972	10.2646160686916	7.0346077669507	9.76461606869159	10.7646160686916
ENSG00000196611	5.55267235535186	12.4227892387006	5.05267235535186	6.05267235535186
ENSG00000262406	4.69780477888039	18.9263743188092	4.19780477888039	5.19780477888039
ENSG00000137745	4.32192809488736	0.0	3.82192809488736	4.82192809488736
ENSG00000123342	6.28499532496879	12.0679161993738	5.78499532496879	6.78499532496879
ENSG00000118113	4.32192809488736	0.0	3.82192809488736	4.82192809488736
ENSG00000100985	7.77211680713423	5.61089616294885	7.27211680713423	8.27211680713423
ENSG00000080823	4.81219706350246	12.1363130193982	4.31219706350246	5.31219706350246
ENSG00000197629	7.40443146328059	16.0224207687321	6.90443146328059	7.90443146328059
ENSG00000005381	5.30569543175388	34.0762762272541	4.80569543175388	5.80569543175388
ENSG00000260314	6.58936479385071	8.35001449332567	6.08936479385071	7.08936479385071
ENSG00000011028	5.39017751486417	31.0183651200912	4.89017751486417	5.89017751486417
ENSG00000156738	5.94013905244332	13.3704165913805	5.44013905244332	6.44013905244332
ENSG00000178860	6.59558696874056	8.17493988154973	6.09558696874056	7.09558696874056
ENSG00000095002	7.91719566657444	8.33828193556863	7.41719566657444	8.41719566657444
ENSG00000157601	10.1483857891496	10.9273053192219	9.64838578914956	10.6483857891496
ENSG00000183486	8.36231071126863	8.39287964907535	7.86231071126863	8.86231071126863
ENSG00000136997	8.046414657605	4.95097616742722	7.546414657605	8.546414657605
ENSG00000172936	8.99078139607805	5.53845809678716	8.49078139607805	9.49078139607805
ENSG00000264424	4.32192809488736	0.0	3.82192809488736	4.82192809488736
ENSG00000129152	4.97430689182025	14.5403317321119	4.47430689182025	5.47430689182025
ENSG00000105835	10.107152871011	8.49700475983556	9.60715287101095	10.607152871011
ENSG00000116701	7.63112278230928	6.23261743266722	7.13112278230928	8.13112278230928
ENSG00000141027	10.8967860097552	6.50687943281129	10.3967860097552	11.3967860097552
ENSG00000080986	5.18149651371947	15.2479012083277	4.68149651371947	5.68149651371947
ENSG00000267855	8.75844015546391	4.68825898464348	8.25844015546391	9.25844015546391
ENSG00000131196	7.35337588739426	7.12831540573326	6.85337588739426	7.85337588739426
ENSG00000101096	10.8843462601259	9.37692364553168	10.3843462601259	11.3843462601259
ENSG00000165030	9.05006013399611	8.57766072359343	8.55006013399611	9.55006013399611
ENSG00000109320	9.04861037706996	15.2664377289342	8.54861037706996	9.54861037706996
ENSG00000100906	12.503522715854	8.78222604795634	12.003522715854	13.003522715854
ENSG00000146232	8.67858451806591	5.61526683002889	8.17858451806591	9.17858451806591
ENSG00000144802	10.002060885841	6.70756924289545	9.50206088584099	10.502060885841
ENSG00000066136	8.13793370885264	9.15410719077716	7.63793370885264	8.63793370885264
ENSG00000134259	4.3952557059471	0.0	3.8952557059471	4.8952557059471
ENSG00000105374	13.6560102790069	6.77381216139656	13.1560102790069	14.1560102790069
ENSG00000162711	5.53753432037746	6.4198690100458	5.03753432037746	6.03753432037746
ENSG00000197696	6.25402363220134	7.14903201718303	5.75402363220134	6.75402363220134
ENSG00000106100	7.31070017625316	5.95256915380896	6.81070017625316	7.81070017625316
ENSG00000167207	6.26031365109181	5.69702174573446	5.76031365109181	6.76031365109181
ENSG00000007171	4.72753877267277	16.2464023482697	4.22753877267277	5.22753877267277
ENSG00000007952	4.32192809488736	0.0	3.82192809488736	4.82192809488736
ENSG00000074771	4.32192809488736	0.0	3.82192809488736	4.82192809488736
ENSG00000086991	4.55765190307606	0.0	4.05765190307606	5.05765190307606
ENSG00000025434	4.72779720280641	16.4677357474055	4.22779720280641	5.22779720280641
ENSG00000160113	6.02776158636043	7.052651987235	5.52776158636043	6.52776158636043
ENSG00000153234	8.17238367711538	6.2322576667984	7.67238367711538	8.67238367711538
ENSG00000175352	5.13565491223707	16.4834613725862	4.63565491223707	5.63565491223707
ENSG00000173391	5.62642378417538	17.0808164309882	5.12642378417538	6.12642378417538
ENSG00000099985	5.23193323454757	11.4947144964948	4.73193323454757	5.73193323454757
ENSG00000108405	4.32192809488736	0.0	3.82192809488736	4.82192809488736
ENSG00000185630	4.79885084725589	38.3967372822338	4.29885084725589	5.29885084725589
ENSG00000167081	6.01732207283587	5.8469789669549	5.51732207283587	6.51732207283587
ENSG00000188389	5.17688165640424	10.2488822684585	4.67688165640424	5.67688165640424
ENSG00000197646	4.72726132306072	22.6478070360676	4.22726132306072	5.22726132306072
ENSG00000065989	8.39899698982752	5.7434848109107	7.89899698982752	8.89899698982752
ENSG00000197461	5.03144542463892	12.1854664368653	4.53144542463892	5.53144542463892
ENSG00000100311	4.32192809488736	0.0	3.82192809488736	4.82192809488736
ENSG00000134853	4.32192809488736	0.0	3.82192809488736	4.82192809488736
ENSG00000162366	4.40624911266678	0.0	3.90624911266678	4.90624911266678
ENSG00000197329	8.75281431161472	7.01368981807651	8.25281431161472	9.25281431161472
ENSG00000163737	4.32192809488736	0.0	3.82192809488736	4.82192809488736
ENSG00000204220	9.10036113050176	5.72481934904524	8.60036113050176	9.60036113050176
ENSG00000164219	8.62420773679395	7.98908422507897	8.12420773679395	9.12420773679395
ENSG00000008438	4.77460354467784	0.0	4.27460354467784	5.27460354467784
ENSG00000181649	4.67079678173757	16.9868908884573	4.17079678173757	5.17079678173757
ENSG00000105851	10.7103486576659	6.88765568158836	10.2103486576659	11.2103486576659
ENSG00000102096	9.39949403985704	9.03203918128993	8.89949403985704	9.89949403985704
ENSG00000122861	7.8598905778296	8.92760564137844	7.3598905778296	8.3598905778296
ENSG00000011422	6.64764466624958	4.94140343397077	6.14764466624958	7.14764466624958
ENSG00000132170	5.28974046042786	20.5584104235536	4.78974046042786	5.78974046042786
ENSG00000186652	4.93131037636916	16.3352809962713	4.43131037636916	5.43131037636916
ENSG00000156575	4.32192809488736	0.0	3.82192809488736	4.82192809488736
ENSG00000154229	7.52478823302957	4.94999630376993	7.02478823302957	8.02478823302957
ENSG00000163558	7.35142870485873	4.23022934330706	6.85142870485873	7.85142870485873
ENSG00000163421	6.43235371406364	43.0461716445165	5.93235371406364	6.93235371406364
ENSG00000184500	5.85419538744391	5.16902053165666	5.35419538744391	6.35419538744391
ENSG00000116132	5.17192905706118	22.1271263499672	4.67192905706118	5.67192905706118
ENSG00000204264	11.1837881324561	13.7302806396945	10.6837881324561	11.6837881324561
ENSG00000240065	11.3892426489297	9.28513793860124	10.8892426489297	11.8892426489297
ENSG00000100911	11.3012842351684	13.8301060204092	10.8012842351684	11.8012842351684
ENSG00000169403	5.9598299135558	6.84107619230971	5.4598299135558	6.4598299135558
ENSG00000168229	6.96391103676759	4.96151682540839	6.46391103676759	7.46391103676759
ENSG00000183134	4.74200063688822	11.9797362256853	4.24200063688822	5.24200063688822
ENSG00000107317	7.01326814148693	6.50572290880937	6.51326814148693	7.51326814148693
ENSG00000125384	10.7383045530797	5.7086694443852	10.2383045530797	11.2383045530797
ENSG00000095303	5.28408351700596	20.4709892672673	4.78408351700596	5.78408351700596
ENSG00000073756	5.83919033148469	6.93834297228937	5.33919033148469	6.33919033148469
ENSG00000152104	4.32192809488736	0.0	3.82192809488736	4.82192809488736
ENSG00000127329	6.21636270716243	6.04124748365683	5.71636270716243	6.71636270716243
ENSG00000081237	11.2145574291603	5.69589610795096	10.7145574291603	11.7145574291603
ENSG00000152894	5.02671614416909	12.5788634815868	4.52671614416909	5.52671614416909
ENSG00000163661	4.74317772730095	20.8895127559259	4.24317772730095	5.24317772730095
ENSG00000139832	6.77039341232315	10.1717388891825	6.27039341232315	7.27039341232315
ENSG00000105514	6.59743732923989	9.67563581503657	6.09743732923989	7.09743732923989
ENSG00000051180	5.52333244668275	10.3911171995958	5.02333244668275	6.02333244668275
ENSG00000132155	9.780316923043	10.9857359965884	9.280316923043	10.280316923043
ENSG00000091428	4.32192809488736	0.0	3.82192809488736	4.82192809488736
ENSG00000111344	6.36609005746726	4.73314236890458	5.86609005746726	6.86609005746726
ENSG00000113319	5.26406776196956	4.86755873132287	4.76406776196956	5.76406776196956
ENSG00000163515	4.86278762074264	18.3526462048897	4.36278762074264	5.36278762074264
ENSG00000090104	8.40823600819658	10.4938168854602	7.90823600819658	8.90823600819658
ENSG00000182732	5.09666285146404	8.29406975494435	4.59666285146404	5.59666285146404
ENSG00000155366	8.92481204885591	9.73234825548229	8.42481204885591	9.42481204885591
ENSG00000177105	9.09637753205222	5.1297857142333	8.59637753205222	9.59637753205222
ENSG00000126785	4.32192809488736	0.0	3.82192809488736	4.82192809488736
ENSG00000164327	9.53423824167752	6.00647289085739	9.03423824167752	10.0342382416775
ENSG00000104312	8.52828507262137	18.6615433416316	8.02828507262137	9.02828507262137
ENSG00000169385	4.32192809488736	0.0	3.82192809488736	4.82192809488736
ENSG00000169397	4.32192809488736	0.0	3.82192809488736	4.82192809488736
ENSG00000115963	4.32192809488736	0.0	3.82192809488736	4.82192809488736
ENSG00000047936	4.53412043065641	0.0	4.03412043065641	5.03412043065641
ENSG00000124813	4.87409630131433	24.8788089464927	4.37409630131433	5.37409630131433
ENSG00000197747	10.1090917253224	10.2478142200899	9.60909172532243	10.6090917253224
ENSG00000196154	11.3053586787825	6.05938859435041	10.8053586787825	11.8053586787825
ENSG00000143546	7.67627301401248	8.16121472573804	7.17627301401248	8.17627301401248
ENSG00000163220	9.03960220880114	6.72521346025647	8.53960220880114	9.53960220880114
ENSG00000170989	7.31689785463036	7.54147072036139	6.81689785463036	7.81689785463036
ENSG00000173432	4.32192809488736	0.0	3.82192809488736	4.82192809488736
ENSG00000006747	5.01245858450692	110.113977950676	4.51245858450692	5.51245858450692
ENSG00000007908	4.32192809488736	0.0	3.82192809488736	4.82192809488736
ENSG00000188404	8.2908584810148	5.06066850845016	7.7908584810148	8.7908584810148
ENSG00000174175	4.32192809488736	0.0	3.82192809488736	4.82192809488736
ENSG00000110876	6.77487616278867	3.82469882489695	6.27487616278867	7.27487616278867
ENSG00000196189	5.2154545490854	7.16655965094563	4.7154545490854	5.7154545490854
ENSG00000185033	5.1376843227869	6.22893547728716	4.6376843227869	5.6376843227869
ENSG00000112902	4.32192809488736	0.0	3.82192809488736	4.82192809488736
ENSG00000137872	4.32192809488736	0.0	3.82192809488736	4.82192809488736
ENSG00000197632	8.98934277220329	7.07726777416513	8.48934277220329	9.48934277220329
ENSG00000170542	10.7651727828046	6.2141744505966	10.2651727828046	11.2651727828046
ENSG00000106366	5.37608789820132	6.17629942478504	4.87608789820132	5.87608789820132
ENSG00000253309	5.20903882783804	6.13921559759662	4.70903882783804	5.70903882783804
ENSG00000106483	4.32192809488736	0.0	3.82192809488736	4.82192809488736
ENSG00000126821	8.53918905520545	11.7351087660344	8.03918905520545	9.03918905520545
ENSG00000088827	5.78311472877494	6.55895423482838	5.28311472877494	6.28311472877494
ENSG00000105501	4.73663619651579	9.65929389815742	4.23663619651579	5.23663619651579
ENSG00000198053	7.6501185307107	12.0257524064968	7.1501185307107	8.1501185307107
ENSG00000157933	9.89653506066744	5.03700573233128	9.39653506066744	10.3965350606674
ENSG00000136603	9.99588921613945	8.73080993684135	9.49588921613945	10.4958892161394
ENSG00000108932	8.15156860014752	7.45006766838155	7.65156860014752	8.65156860014752
ENSG00000170365	4.98546068407874	9.03363176007198	4.48546068407874	5.48546068407874
ENSG00000175387	9.8985430057624	13.0337131514857	9.3985430057624	10.3985430057624
ENSG00000101665	11.0092279701991	19.1023489615299	10.5092279701991	11.5092279701991
ENSG00000082014	6.0934304339146	8.13185670703894	5.5934304339146	6.5934304339146
ENSG00000185338	9.63665008942787	7.48241631438356	9.13665008942787	10.1366500894279
ENSG00000120833	7.75513677996406	4.84265885003237	7.25513677996406	8.25513677996406
ENSG00000184557	7.1072796192825	4.24411211330041	6.6072796192825	7.6072796192825
ENSG00000105866	8.67088176188665	5.79268466265366	8.17088176188665	9.17088176188665
ENSG00000176170	4.8713799379181	20.6529467905758	4.3713799379181	5.3713799379181
ENSG00000136158	8.27764261931586	9.47816451113639	7.77764261931586	8.77764261931586
ENSG00000115306	9.20489500900926	12.9779958398668	8.70489500900926	9.70489500900926
ENSG00000161011	11.122584264563	7.18429848998407	10.622584264563	11.622584264563
ENSG00000010327	5.7931658119396	28.5300431423369	5.2931658119396	6.2931658119396
ENSG00000115415	12.2995614807356	14.1392906478421	11.7995614807356	12.7995614807356
ENSG00000168610	10.2953704217152	6.85806456088011	9.79537042171518	10.7953704217152
ENSG00000138378	11.4206279730841	6.43257280009554	10.9206279730841	11.9206279730841
ENSG00000126561	10.1011572675352	8.34658203397024	9.60115726753518	10.6011572675352
ENSG00000173757	9.45167634166882	12.5473958440137	8.95167634166882	9.95167634166882
ENSG00000166888	9.90632545755039	7.49206971270561	9.40632545755039	10.4063254575504
ENSG00000164543	11.7933086524241	9.67562625580768	11.2933086524241	12.2933086524241
ENSG00000165025	7.7444926542059	4.85931439588218	7.2444926542059	8.2444926542059
ENSG00000168394	9.56783053712313	7.68446907497503	9.06783053712313	10.0678305371231
ENSG00000204267	9.01158444070152	11.5340980367533	8.51158444070152	9.51158444070152
ENSG00000231925	10.9793199659501	11.039179508519	10.4793199659501	11.4793199659501
ENSG00000129566	7.67207424130782	8.6702205760832	7.17207424130782	8.17207424130782
ENSG00000135457	8.18310096231117	9.97164403233579	7.68310096231117	8.68310096231117
ENSG00000163235	5.93241901510152	8.84766760384479	5.43241901510152	6.43241901510152
ENSG00000105329	10.5259264872819	8.77066277021942	10.0259264872819	11.0259264872819
ENSG00000069702	10.065280647279	6.3324943838553	9.56528064727896	10.565280647279
ENSG00000198959	4.69287757302119	126.749506486559	4.19287757302119	5.19287757302119
ENSG00000178726	5.50916467777984	4.5367501271427	5.00916467777984	6.00916467777984
ENSG00000181847	9.14113532927563	5.10039090227837	8.64113532927563	9.64113532927563
ENSG00000145850	4.59518696098134	86.4729864348155	4.09518696098134	5.09518696098134
ENSG00000100234	5.21232814178898	48.7100606260017	4.71232814178898	5.71232814178898
ENSG00000174125	8.61872831903789	9.38641754354995	8.11872831903789	9.11872831903789
ENSG00000174123	5.17957116916326	7.50359721302451	4.67957116916326	5.67957116916326
ENSG00000137462	7.61588654617549	4.87953964880482	7.11588654617549	8.11588654617549
ENSG00000164342	5.9694877909156	8.94043552882226	5.4694877909156	6.4694877909156
ENSG00000136869	5.37335144448847	20.2071651671479	4.87335144448847	5.87335144448847
ENSG00000187554	5.0100423150749	7.23555425709472	4.5100423150749	5.5100423150749
ENSG00000174130	5.9001837926089	5.57086689727106	5.4001837926089	6.4001837926089
ENSG00000196664	4.94023637227557	9.1204921430159	4.44023637227557	5.44023637227557
ENSG00000101916	5.80862078043607	7.76369364180301	5.30862078043607	6.30862078043607
ENSG00000239732	4.98684611243669	6.94958177990497	4.48684611243669	5.48684611243669
ENSG00000064115	8.84778054655625	4.98129105373627	8.34778054655625	9.34778054655625
ENSG00000184584	7.24064628070948	10.4789641917109	6.74064628070948	7.74064628070948
ENSG00000041982	4.4246243513822	0.0	3.9246243513822	4.9246243513822
ENSG00000232810	10.1469539076659	10.657921276998	9.64695390766589	10.6469539076659
ENSG00000118503	12.7072885377798	9.43197521796106	12.2072885377798	13.2072885377798
ENSG00000123610	5.78082513956487	7.8404465152463	5.28082513956487	6.28082513956487
ENSG00000145779	9.13675658423823	5.79535572415298	8.63675658423823	9.63675658423823
ENSG00000141655	7.01134338655669	5.67973363703364	6.51134338655669	7.51134338655669
ENSG00000006327	5.08121817275531	5.41199981084995	4.58121817275531	5.58121817275531
ENSG00000157873	6.54909730523846	6.51271556091482	6.04909730523846	7.04909730523846
ENSG00000067182	9.22824526885593	5.27905307570405	8.72824526885593	9.72824526885593
ENSG00000028137	9.44559432894069	7.47161652602255	8.94559432894069	9.94559432894069
ENSG00000186827	4.96585321414921	8.25317555392043	4.46585321414921	5.46585321414921
ENSG00000120949	5.05289991196604	4.54999997854728	4.55289991196604	5.55289991196604
ENSG00000049249	7.55398211722972	19.3754504278211	7.05398211722972	8.05398211722972
ENSG00000121858	10.760616460009	10.4646330070855	10.260616460009	11.260616460009
ENSG00000117586	8.06969382070516	11.9148905282506	7.56969382070516	8.56969382070516
ENSG00000125657	7.54936481422378	6.49144282389006	7.04936481422378	8.04936481422378
ENSG00000131747	6.8967631919761	12.5814707692863	6.3967631919761	7.3967631919761
ENSG00000172236	4.32192809488736	0.0	3.82192809488736	4.82192809488736
ENSG00000056558	10.2924321044131	20.0776284820527	9.79243210441313	10.7924321044131
ENSG00000127191	8.55388913228117	7.28008058904828	8.05388913228117	9.05388913228117
ENSG00000175104	9.22899580637582	11.0904705631889	8.72899580637582	9.72899580637582
ENSG00000135148	10.1208407976078	33.8615266880821	9.62084079760775	10.6208407976078
ENSG00000124731	5.22464527430099	12.8849645600666	4.72464527430099	5.72464527430099
ENSG00000095970	5.79323309617837	19.9265216320831	5.29323309617837	6.29323309617837
ENSG00000213689	7.85353429220381	5.3056655367848	7.35353429220381	8.35353429220381
ENSG00000127324	4.32192809488736	0.0	3.82192809488736	4.82192809488736
ENSG00000112742	6.14869805529293	9.17583641321223	5.64869805529293	6.64869805529293
ENSG00000167552	4.4246243513822	0.0	3.9246243513822	4.9246243513822
ENSG00000127824	8.546249982471	7.780772318774	8.046249982471	9.046249982471
ENSG00000105849	8.22152899431065	7.63456672776105	7.72152899431065	8.72152899431065
ENSG00000136810	11.8640332306668	7.21575975899992	11.3640332306668	12.3640332306668
ENSG00000087301	7.75438040266763	6.79044832618153	7.25438040266763	8.25438040266763
ENSG00000011600	12.1640914956349	18.6145066546447	11.6640914956349	12.6640914956349
ENSG00000184979	6.23221598084299	6.94012031845836	5.73221598084299	6.73221598084299
ENSG00000220205	9.69722178235969	7.03343761394289	9.19722178235969	10.1972217823597
ENSG00000125753	10.0359195755806	18.88831603272	9.53591957558057	10.5359195755806
ENSG00000141968	9.46816519895323	10.3218769612162	8.96816519895323	9.96816519895323
ENSG00000160293	5.57458600683981	6.149582692605	5.07458600683981	6.07458600683981
ENSG00000162692	5.41616060208806	12.0461477015024	4.91616060208806	5.91616060208806
ENSG00000112715	7.83963671208028	11.9203327799962	7.33963671208028	8.33963671208028
ENSG00000150630	4.85899721078947	96.3596048266487	4.35899721078947	5.35899721078947
ENSG00000028116	7.9585464231515	9.19111957339002	7.4585464231515	8.4585464231515
ENSG00000134258	4.32192809488736	0.0	3.82192809488736	4.82192809488736
ENSG00000110002	5.70606299753618	8.64022998773859	5.20606299753618	6.20606299753618
ENSG00000015285	9.38932611512388	4.71616512816139	8.88932611512388	9.88932611512388
ENSG00000173578	4.32192809488736	0.0	3.82192809488736	4.82192809488736
ENSG00000137693	4.83518753491533	15.0273059232715	4.33518753491533	5.33518753491533
ENSG00000176105	10.3659429392451	8.45857588195322	9.86594293924511	10.8659429392451
ENSG00000189420	5.99296732698834	6.32575926026436	5.49296732698834	6.49296732698834
ENSG00000163848	9.38487444390317	8.53452431263331	8.88487444390317	9.88487444390317
ENSG00000180233	10.0851010374945	14.4065086600317	9.58510103749446	10.5851010374945
ENSG00000204574	9.53000308644318	10.3159996276282	9.03000308644318	10.0300030864432
ENSG00000006530	9.27455592324149	8.18684723561178	8.77455592324149	9.77455592324149
ENSG00000023330	6.25085392148671	6.75697677713029	5.75085392148671	6.75085392148671
ENSG00000144233	8.09100257290054	15.1978870777025	7.59100257290054	8.59100257290054
ENSG00000154222	8.70281280146125	5.5582290908591	8.20281280146125	9.20281280146125
ENSG00000182973	7.98571810195034	5.14199832458226	7.48571810195034	8.48571810195034
ENSG00000080802	9.09384006533494	11.8964689332654	8.59384006533494	9.59384006533494
ENSG00000168434	7.97782538658312	12.0422312505735	7.47782538658312	8.47782538658312
ENSG00000107625	9.27472266110497	4.99136250383014	8.77472266110497	9.77472266110497
ENSG00000204560	7.08526968685708	3.99178427722189	6.58526968685708	7.58526968685708
ENSG00000135392	6.82305021253512	4.47977975558901	6.32305021253512	7.32305021253512
ENSG00000179151	8.46506311012402	6.96006803039464	7.96506311012402	8.96506311012402
ENSG00000115211	8.80561852622975	6.40303732936107	8.30561852622975	9.30561852622975
ENSG00000163161	7.38031251633646	5.18513491116399	6.88031251633646	7.88031251633646
ENSG00000119616	10.3346859707373	6.07707725773102	9.83468597073734	10.8346859707373
ENSG00000160211	9.70170726438852	15.9940473741372	9.20170726438852	10.2017072643885
ENSG00000198746	6.02623383366401	11.5630258463419	5.52623383366401	6.52623383366401
ENSG00000169919	9.32110986302065	9.28591188343492	8.82110986302065	9.82110986302065
ENSG00000171720	8.34577271594332	15.5984188762331	7.84577271594332	8.84577271594332
ENSG00000165704	9.09541713822244	30.1921727018101	8.59541713822244	9.59541713822244
ENSG00000144029	9.65159431110616	6.7760053967516	9.15159431110616	10.1515943111062
ENSG00000163719	8.48381399856071	14.99623309371	7.98381399856071	8.98381399856071
ENSG00000225921	9.35752964824399	5.61085674593114	8.85752964824399	9.85752964824399
ENSG00000103274	8.6232938385672	5.6916874742458	8.1232938385672	9.1232938385672
ENSG00000181222	9.52143968027258	6.37752700408868	9.02143968027258	10.0214396802726
ENSG00000196262	13.3382184832312	8.70215979743462	12.8382184832312	13.8382184832312
ENSG00000134748	10.3768532990315	6.35067930703117	9.87685329903154	10.8768532990315
ENSG00000136715	8.53695788250015	7.01477047191694	8.03695788250015	9.03695788250015
ENSG00000073578	8.24179163193356	10.4618178998464	7.74179163193356	8.74179163193356
ENSG00000183431	8.62768046050331	10.3496639139989	8.12768046050331	9.12768046050331
ENSG00000112592	8.79406148236361	12.7460403334071	8.29406148236361	9.29406148236361
ENSG00000146872	8.95428193171707	7.27340293217191	8.45428193171707	9.45428193171707
ENSG00000168591	7.14523318774746	8.03133346145789	6.64523318774746	7.64523318774746
ENSG00000204599	7.04521567655308	21.4232538581267	6.54521567655308	7.54521567655308
ENSG00000196230	10.3396439870378	11.223455093043	9.83964398703783	10.8396439870378
ENSG00000168883	8.63814194628732	8.31480246174566	8.13814194628732	9.13814194628732
ENSG00000100722	8.67402962817112	7.88654509085634	8.17402962817112	9.17402962817112
ENSG00000196652	6.21622735303705	5.74029761952566	5.71622735303705	6.71622735303705
ENSG00000166478	8.24701116658465	13.809431948354	7.74701116658465	8.74701116658465
ENSG00000113761	5.96719302739043	24.1208873468672	5.46719302739043	6.46719302739043
	4.37459309610349	6.98760749369342	3.87459309610349	4.87459309610349
	3.9526901688834	5.33910461672502	3.4526901688834	4.4526901688834
	3.38910783980281	6.46543694731064	2.88910783980281	3.88910783980281
	2.9035039371621	6.10808249156553	2.4035039371621	3.4035039371621
	4.64731314454137	11.4240951732818	4.14731314454137	5.14731314454137
	4.84392631168252	10.1476914604807	4.34392631168252	5.34392631168252
	3.7266451941576	4.70831523712098	3.2266451941576	4.2266451941576
	3.64658406696736	5.6437740633079	3.14658406696736	4.14658406696736
	15.7651506221906	6.78181944663117	15.2651506221906	16.2651506221906
	14.241047424444	9.06245004725838	13.741047424444	14.741047424444
	12.4078802818788	7.71895054913453	11.9078802818788	12.9078802818788
	9.92421997037164	4.67241069781186	9.42421997037164	10.4242199703716
	7.43998907656585	5.36965207992466	6.93998907656585	7.93998907656585
	6.68097495026137	10.0588535860106	6.18097495026137	7.18097495026137
