AffyID	name	thr	mean	mean-thr	perc	min	max	sd	thrNum	hi	int	lo
NFKBIA	NFKBIA	12.50	12.80	0.30	0.12	10.89	14.19	0.96	4	7	2	3
CEACAM8	CEACAM8	4.32	4.32	0.00	0.00	4.32	4.32	0.00	0	0	12	0
SMAD1	SMAD1	4.99	4.99	-0.00	0.00	4.32	5.64	0.46	6	3	7	2
MMP19	MMP19	6.28	6.09	-0.19	0.00	5.31	7.20	0.60	8	2	5	5
EEF1A1	EEF1A1	15.61	15.61	0.00	0.00	14.92	16.21	0.45	6	2	8	2
AGK	AGK	9.27	9.49	0.21	0.11	8.67	10.08	0.43	3	3	8	1
TLR8	TLR8	5.81	5.71	-0.10	0.00	4.43	6.88	0.68	7	3	5	4
SKIL	SKIL	10.00	10.00	0.00	0.00	8.76	11.17	0.75	6	3	6	3
IKBKE	IKBKE	7.37	7.32	-0.05	0.00	6.66	8.17	0.39	7	1	9	2
ZNF148	ZNF148	9.38	9.38	0.00	0.00	9.17	9.69	0.16	6	0	12	0
GATA6	GATA6	4.50	4.35	-0.15	0.00	4.32	4.68	0.10	11	0	12	0
FCGR3A	FCGR3A	11.33	11.43	0.10	0.00	10.04	12.31	0.68	5	4	5	3
IL3	IL3	6.29	5.72	-0.57	-0.20	4.55	7.67	0.75	10	1	3	8
AKAP13	AKAP13	10.02	10.02	0.00	0.00	9.42	10.50	0.35	6	0	11	1
LTA4H	LTA4H	9.42	9.63	0.21	0.22	8.88	10.37	0.42	3	3	7	2
ERCC_00002.1	ERCC_00002.1	12.41	12.41	0.00	0.00	12.10	12.76	0.18	6	0	12	0
USP39	USP39	8.64	8.62	-0.02	0.00	8.40	8.82	0.15	7	0	12	0
TNFSF9	TNFSF9	7.55	7.41	-0.14	-0.14	5.50	8.73	0.99	7	4	4	4
CDH4	CDH4	4.75	4.61	-0.14	0.00	4.32	5.71	0.44	8	1	11	0
S100A8	S100A8	7.68	7.24	-0.44	0.00	5.27	9.98	1.42	8	2	2	8
TAP2	TAP2	9.01	8.74	-0.27	-0.22	8.13	9.90	0.52	9	1	5	6
TSPAN8	TSPAN8	4.32	4.32	0.00	0.00	4.32	4.32	0.00	0	0	12	0
COL4A2	COL4A2	5.15	4.69	-0.46	-0.10	4.32	6.16	0.56	10	1	2	9
TAP1	TAP1	9.57	9.31	-0.26	-0.33	8.67	10.33	0.52	9	1	6	5
NDUFA7	NDUFA7	8.76	8.66	-0.10	-0.33	8.32	9.18	0.22	9	0	12	0
BCL10	BCL10	9.43	9.37	-0.06	-0.12	9.15	9.75	0.19	8	0	12	0
TGFBR3	TGFBR3	10.07	10.17	0.10	0.25	9.60	10.75	0.35	4	2	10	0
GADD45B	GADD45B	9.72	10.04	0.33	0.22	8.88	10.92	0.65	3	5	5	2
STAT1	STAT1	12.30	11.99	-0.31	0.00	10.94	13.55	0.95	8	3	1	8
ENC1	ENC1	7.44	7.65	0.21	0.00	5.30	10.50	1.49	5	6	1	5
CDH11	CDH11	4.32	4.32	0.00	0.00	4.32	4.32	0.00	0	0	12	0
BIRC3	BIRC3	11.20	11.72	0.52	0.00	9.41	13.01	1.01	3	9	1	2
IFIT1	IFIT1	6.86	6.13	-0.73	-0.33	4.55	9.00	1.47	9	2	2	8
DES	DES	4.32	4.32	0.00	0.00	4.32	4.32	0.00	0	0	12	0
ADAMTS17	ADAMTS17	5.38	5.48	0.10	0.14	4.37	6.47	0.69	5	4	4	4
DUSP1	DUSP1	10.42	10.13	-0.29	-0.12	8.77	11.63	0.92	8	4	3	5
XCR1	XCR1	4.32	4.32	0.00	0.00	4.32	4.32	0.00	0	0	12	0
CCL20	CCL20	6.65	6.41	-0.23	0.00	4.32	8.86	1.47	7	5	0	7
HIST2H2AA3	HIST2H2AA3	9.45	9.91	0.46	0.40	8.71	10.68	0.60	2	6	4	2
ERCC_00092.1	ERCC_00092.1	9.92	9.95	0.03	0.14	9.63	10.38	0.19	5	0	12	0
HMGB1	HMGB1	8.83	9.02	0.19	0.22	8.19	9.65	0.39	3	2	9	1
DUSP2	DUSP2	8.52	8.89	0.37	0.12	7.09	10.34	1.15	4	6	2	4
G6PD	G6PD	9.70	9.50	-0.20	0.00	8.72	10.53	0.62	8	3	4	5
SIRPA	SIRPA	7.65	7.39	-0.26	-0.12	6.46	8.94	0.81	8	4	2	6
FLRT2	FLRT2	4.37	4.33	-0.04	0.00	4.32	4.42	0.03	11	0	12	0
ICOSLG	ICOSLG	6.21	6.29	0.08	0.00	5.41	7.13	0.58	5	3	6	3
F11R	F11R	8.74	8.74	0.00	0.00	8.24	9.13	0.28	6	0	11	1
CCR7	CCR7	7.93	7.93	-0.00	0.00	6.91	8.86	0.65	6	3	5	4
SELPLG	SELPLG	6.77	6.77	0.00	0.00	5.99	7.79	0.45	6	1	10	1
TWISTNB	TWISTNB	8.22	8.33	0.11	0.25	7.55	8.80	0.37	4	2	9	1
ALCAM	ALCAM	7.47	7.41	-0.06	-0.14	6.62	8.04	0.41	7	1	10	1
MYH4	MYH4	4.32	4.32	0.00	0.00	4.32	4.32	0.00	0	0	12	0
MAP2K1	MAP2K1	9.88	9.88	-0.00	0.00	9.44	10.36	0.29	6	0	12	0
MMP1	MMP1	5.55	5.29	-0.26	0.00	4.32	6.96	0.82	8	3	3	6
EGF	EGF	4.32	4.32	0.00	0.00	4.32	4.32	0.00	0	0	12	0
ERCC1	ERCC1	7.18	7.35	0.17	0.22	6.53	7.75	0.36	3	3	8	1
LTB4R	LTB4R	6.58	6.64	0.07	0.14	6.01	7.43	0.44	5	2	9	1
CCR6	CCR6	5.95	5.78	-0.17	0.00	4.32	7.48	1.10	7	3	3	6
BMP8A	BMP8A	5.03	4.67	-0.36	-0.30	4.32	5.90	0.46	10	1	5	6
KLRK1	KLRK1	12.28	12.35	0.07	0.00	11.46	13.12	0.51	5	2	8	2
THBD	THBD	5.51	5.70	0.19	0.12	4.32	6.88	0.69	4	4	6	2
NFKB1	NFKB1	9.05	9.30	0.25	0.00	7.98	10.31	0.77	4	7	2	3
BTG2	BTG2	10.03	9.87	-0.16	-0.12	8.96	10.84	0.56	8	2	7	3
AMMECR1L	AMMECR1L	8.09	8.09	0.00	0.00	7.86	8.38	0.19	6	0	12	0
MAPK14	MAPK14	10.09	10.13	0.04	0.00	9.72	10.52	0.26	5	0	12	0
VRK2	VRK2	7.96	7.87	-0.09	-0.12	7.38	8.46	0.30	8	0	11	1
RHOC	RHOC	8.92	9.22	0.29	0.30	8.34	9.62	0.37	2	4	7	1
RGS6	RGS6	5.10	4.99	-0.10	0.00	4.32	6.38	0.71	7	2	4	6
IL1R1	IL1R1	4.96	5.00	0.05	0.00	4.32	5.49	0.33	5	1	10	1
PSME2	PSME2	11.30	10.86	-0.44	-0.22	9.85	12.41	0.83	9	3	2	7
TUBA4A	TUBA4A	8.55	8.47	-0.08	0.00	7.67	9.21	0.52	7	3	6	3
CD44	CD44	12.05	12.05	-0.00	0.00	11.50	12.57	0.39	6	1	9	2
CSF3R	CSF3R	4.94	4.63	-0.30	0.00	4.32	5.98	0.55	9	1	2	9
CCL1	CCL1	8.07	7.63	-0.44	-0.14	4.32	11.31	2.85	7	5	1	6
GLG1	GLG1	10.37	10.47	0.10	0.33	10.12	10.89	0.21	3	1	11	0
COL17A1	COL17A1	4.32	4.32	0.00	0.00	4.32	4.32	0.00	0	0	12	0
TNFAIP8	TNFAIP8	9.14	9.32	0.18	0.22	8.50	9.92	0.39	3	3	8	1
GEM	GEM	6.34	6.34	-0.00	0.00	5.16	7.56	0.69	6	3	6	3
KIAA0101	KIAA0101	5.53	5.29	-0.24	-0.12	4.32	6.72	0.75	8	3	4	5
COL11A1	COL11A1	5.05	4.95	-0.09	0.00	4.32	6.23	0.63	7	2	6	4
ELOVL6	ELOVL6	8.42	7.90	-0.52	0.00	6.93	9.75	0.95	9	3	0	9
DUSP6	DUSP6	8.64	8.77	0.13	0.00	7.56	9.91	0.83	5	6	3	3
RAB3D	RAB3D	6.60	6.37	-0.23	-0.12	5.43	7.81	0.74	8	3	4	5
CD69	CD69	10.60	10.75	0.15	0.14	8.85	12.68	1.02	5	5	3	4
PRKCA	PRKCA	7.52	7.62	0.09	0.12	6.97	8.12	0.33	4	2	9	1
MYOD1	MYOD1	4.97	4.80	-0.18	0.00	4.32	5.98	0.54	8	2	5	5
TLR10	TLR10	5.18	4.90	-0.28	-0.33	4.32	6.13	0.56	9	1	5	6
KCNAB1	KCNAB1	4.32	4.32	0.00	0.00	4.32	4.32	0.00	0	0	12	0
ITGAL	ITGAL	12.13	12.03	-0.10	0.00	11.59	12.52	0.29	8	0	11	1
IL18R1	IL18R1	9.60	9.65	0.05	0.14	8.92	10.35	0.36	5	1	10	1
FABP4	FABP4	4.43	4.34	-0.08	-0.09	4.32	4.53	0.06	11	0	12	0
WAS	WAS	9.39	9.27	-0.12	-0.11	8.84	9.78	0.26	9	0	10	2
IL10	IL10	5.33	4.70	-0.63	-0.10	4.32	6.70	0.73	10	2	0	10
COG7	COG7	7.98	8.01	0.03	0.00	7.64	8.31	0.19	5	0	12	0
STAT5A	STAT5A	10.10	10.10	-0.00	0.00	9.01	10.89	0.59	6	3	6	3
MX2	MX2	8.36	7.98	-0.39	-0.22	7.06	9.45	0.77	9	2	3	7
CD209	CD209	4.96	4.63	-0.34	-0.30	4.32	5.81	0.44	10	1	4	7
PGLYRP1	PGLYRP1	4.77	4.40	-0.38	0.00	4.32	5.23	0.25	11	0	12	0
BTLA	BTLA	5.49	5.79	0.30	0.50	5.01	6.53	0.44	2	4	8	0
PDGFRA	PDGFRA	4.32	4.32	0.00	0.00	4.32	4.32	0.00	0	0	12	0
NDC80	NDC80	5.18	5.18	-0.00	0.00	4.32	6.50	0.85	6	4	2	6
TYROBP	TYROBP	12.16	11.97	-0.20	0.00	11.19	13.00	0.59	8	3	5	4
SPRY2	SPRY2	8.28	8.37	0.09	0.14	7.41	9.21	0.60	5	4	5	3
ZKSCAN5	ZKSCAN5	6.22	6.22	-0.00	0.00	5.87	6.58	0.19	6	0	12	0
IRF4	IRF4	8.85	9.29	0.43	0.22	7.92	10.49	0.82	3	7	2	3
CSF1	CSF1	7.23	7.23	-0.00	0.00	5.40	8.89	1.10	6	5	1	6
ARF6	ARF6	11.85	11.80	-0.05	0.00	11.27	12.32	0.34	7	0	11	1
ATF3	ATF3	8.28	8.78	0.50	0.33	6.90	10.48	1.05	3	6	3	3
SMARCD3	SMARCD3	6.09	6.09	-0.00	0.00	4.32	7.83	1.11	6	4	3	5
VWA5A	VWA5A	5.71	5.71	-0.00	0.00	5.11	6.41	0.43	6	3	7	2
TOP2A	TOP2A	6.90	6.65	-0.25	0.00	4.32	9.24	1.60	7	5	1	6
FSCN1	FSCN1	7.11	7.55	0.44	0.11	5.43	8.63	0.90	3	7	3	2
ARHGEF28	ARHGEF28	5.34	5.18	-0.15	0.00	4.32	6.45	0.53	8	1	8	3
CD180	CD180	5.90	5.75	-0.15	0.00	4.32	7.82	1.03	7	3	3	6
IL4I1	IL4I1	7.84	7.57	-0.28	-0.22	6.10	8.58	0.62	9	2	7	3
HLA-DQB1	HLA-DQB1	7.14	6.90	-0.23	-0.25	5.74	8.75	0.83	8	2	5	5
TLR7	TLR7	4.94	4.68	-0.26	-0.11	4.32	6.05	0.52	9	1	4	7
HES1	HES1	5.53	5.19	-0.34	0.00	4.32	7.24	1.01	8	3	1	8
IL1B	IL1B	10.01	9.50	-0.52	0.00	7.55	12.28	1.62	8	3	1	8
RAF1	RAF1	9.78	9.75	-0.03	0.00	9.47	10.09	0.19	7	0	12	0
SFRP4	SFRP4	4.32	4.32	0.00	0.00	4.32	4.32	0.00	0	0	12	0
ICOS	ICOS	8.10	7.35	-0.75	-0.36	6.73	9.00	0.59	11	1	1	10
CXCL6	CXCL6	4.32	4.32	0.00	0.00	4.32	4.32	0.00	0	0	12	0
TFCP2	TFCP2	8.18	8.18	-0.00	0.00	7.69	8.59	0.30	6	0	12	0
C1QB	C1QB	5.25	5.25	0.00	0.00	4.32	6.63	0.84	6	5	2	5
CAMP	CAMP	4.32	4.32	0.00	0.00	4.32	4.32	0.00	0	0	12	0
SOCS2	SOCS2	7.76	7.76	0.00	0.00	4.32	12.18	2.08	6	5	2	5
PTPRC	PTPRC	11.21	11.21	-0.00	0.00	10.76	11.68	0.28	6	0	12	0
FCGR2A	FCGR2A	7.53	7.33	-0.20	-0.12	6.13	8.35	0.64	8	3	3	6
SERPINB2	SERPINB2	8.99	8.99	-0.00	0.00	6.53	11.36	1.54	6	4	3	5
SPHK1	SPHK1	4.87	4.87	0.00	0.00	4.32	5.45	0.38	6	1	9	2
EGR2	EGR2	7.98	8.44	0.46	0.33	6.51	10.13	0.98	3	6	4	2
IL5RA	IL5RA	4.60	4.41	-0.18	0.00	4.32	5.09	0.22	10	0	12	0
PTGDR2	PTGDR2	4.74	4.44	-0.31	-0.18	4.32	5.11	0.22	11	0	12	0
SCIN	SCIN	5.01	4.46	-0.55	-0.18	4.32	5.67	0.37	11	1	0	11
SPTBN1	SPTBN1	9.20	9.61	0.41	0.22	7.95	10.45	0.78	3	7	3	2
PIM2	PIM2	9.40	9.83	0.43	0.11	8.20	11.34	0.86	3	8	1	3
PHLDA2	PHLDA2	4.67	4.62	-0.05	0.00	4.32	5.16	0.30	7	0	12	0
TAPBP	TAPBP	10.98	10.86	-0.12	-0.12	10.43	11.58	0.39	8	2	9	1
HDC	HDC	5.10	4.85	-0.25	0.00	4.32	6.48	0.76	8	2	2	8
ADGRE5	ADGRE5	11.15	11.25	0.10	0.00	9.98	11.95	0.62	5	5	4	3
CCL4	CCL4	12.97	13.15	0.18	0.00	11.49	14.98	1.16	5	6	1	5
COL4A1	COL4A1	4.78	4.63	-0.15	0.00	4.32	5.49	0.44	8	2	10	0
CSF2RA	CSF2RA	8.16	8.02	-0.14	-0.12	7.55	8.96	0.44	8	1	7	4
CASP5	CASP5	4.32	4.32	0.00	0.00	4.32	4.32	0.00	0	0	12	0
PDGFB	PDGFB	4.32	4.32	0.00	0.00	4.32	4.32	0.00	0	0	12	0
SEMA6D	SEMA6D	4.32	4.32	0.00	0.00	4.32	4.32	0.00	0	0	12	0
HDAC6	HDAC6	7.42	7.27	-0.15	-0.11	6.86	7.89	0.28	9	0	11	1
CD1A	CD1A	5.25	5.16	-0.09	0.00	4.32	6.16	0.57	7	1	8	3
FZD9	FZD9	4.32	4.32	0.00	0.00	4.32	4.32	0.00	0	0	12	0
STAT6	STAT6	9.91	9.80	-0.11	0.00	9.19	10.32	0.35	8	0	10	2
INSR	INSR	4.32	4.32	0.00	0.00	4.32	4.32	0.00	0	0	12	0
FOSB	FOSB	6.59	6.59	-0.00	0.00	4.32	9.37	1.62	6	5	1	6
CD1E	CD1E	4.87	4.71	-0.16	-0.12	4.32	6.16	0.54	8	1	5	6
IDO1	IDO1	9.24	9.00	-0.24	-0.14	6.61	11.53	1.59	7	4	2	6
ABCC8	ABCC8	4.86	4.78	-0.08	0.00	4.32	5.86	0.53	7	3	3	6
ADORA2A	ADORA2A	5.63	5.84	0.21	0.12	4.32	6.83	0.70	4	5	5	2
SEMA4B	SEMA4B	5.14	5.49	0.35	0.20	4.32	6.03	0.47	2	5	6	1
LOXL2	LOXL2	5.50	5.04	-0.46	-0.30	4.32	6.68	0.64	10	1	5	6
CD276	CD276	5.50	5.16	-0.35	-0.11	4.32	6.37	0.66	9	3	2	7
FCAR	FCAR	5.18	5.33	0.15	0.00	4.32	6.23	0.49	4	3	8	1
CEACAM1	CEACAM1	4.95	4.43	-0.52	0.00	4.32	5.58	0.35	11	1	0	11
CTSS	CTSS	11.39	11.48	0.09	0.14	10.71	12.55	0.62	5	3	5	4
CXCL10	CXCL10	7.73	7.73	0.00	0.00	5.00	11.25	1.76	6	5	2	5
LDLR	LDLR	6.63	6.05	-0.58	0.00	4.32	7.91	1.09	9	3	0	9
COL10A1	COL10A1	4.48	4.35	-0.14	0.00	4.32	4.65	0.09	11	0	12	0
CXCR4	CXCR4	12.14	12.85	0.70	0.11	10.14	14.20	1.32	3	9	0	3
CNKSR1	CNKSR1	5.48	4.89	-0.59	-0.20	4.32	6.72	0.74	10	2	2	8
CXCL9	CXCL9	6.91	6.91	0.00	0.00	4.32	9.52	1.87	6	5	2	5
C5	C5	4.35	4.33	-0.02	0.00	4.32	4.37	0.01	11	0	12	0
STAT3	STAT3	10.30	10.46	0.17	0.00	9.90	11.11	0.35	3	2	10	0
NFATC2	NFATC2	10.88	10.84	-0.05	0.00	10.42	11.45	0.31	7	1	11	0
IL3RA	IL3RA	6.52	6.40	-0.12	0.00	4.32	7.75	0.91	7	4	4	4
MRC2	MRC2	5.39	4.92	-0.47	0.00	4.32	6.71	0.85	9	3	0	9
PRG2	PRG2	4.93	4.66	-0.28	-0.11	4.32	5.85	0.52	9	1	3	8
TREM2	TREM2	5.79	4.95	-0.84	-0.20	4.32	7.21	1.00	10	2	1	9
ROS1	ROS1	4.53	4.36	-0.18	0.00	4.32	4.75	0.12	11	0	12	0
S1PR1	S1PR1	7.32	7.42	0.10	0.00	6.14	8.48	0.69	5	4	6	2
CRIP1	CRIP1	10.55	10.68	0.12	0.00	9.27	11.99	0.82	5	5	3	4
ADAMTS9-AS2	ADAMTS9-AS2	4.32	4.32	0.00	0.00	4.32	4.32	0.00	0	0	12	0
TRAF2	TRAF2	8.55	8.71	0.16	0.12	7.77	9.57	0.52	4	3	7	2
MRC1	MRC1	6.59	6.81	0.22	0.00	4.32	8.92	1.51	5	6	2	4
C3	C3	5.58	5.45	-0.13	0.00	4.32	7.01	0.86	7	3	4	5
CEBPD	CEBPD	10.76	10.86	0.10	0.00	9.52	12.22	0.69	5	2	7	3
IL18	IL18	5.90	5.96	0.06	0.14	5.20	6.75	0.45	5	3	8	1
ERCC_00154.1	ERCC_00154.1	3.65	4.03	0.39	0.22	2.00	4.95	0.81	3	7	4	1
TREX1	TREX1	7.85	7.63	-0.23	-0.22	6.72	8.67	0.48	9	1	8	3
ACOX1	ACOX1	8.08	8.01	-0.07	-0.12	7.64	8.47	0.22	8	0	12	0
CCR5	CCR5	7.90	8.38	0.48	0.22	6.68	10.04	0.93	3	7	2	3
JUN	JUN	9.05	9.67	0.62	0.20	7.98	10.63	0.80	2	8	2	2
MAP2K3	MAP2K3	9.54	9.39	-0.15	-0.12	8.70	10.09	0.45	8	2	8	2
PTX3	PTX3	4.74	4.53	-0.21	0.00	4.32	5.52	0.39	9	1	11	0
MYD88	MYD88	8.99	8.99	-0.00	0.00	8.30	9.62	0.35	6	1	10	1
IL9	IL9	4.32	4.32	0.00	0.00	4.32	4.32	0.00	0	0	12	0
C4A	C4A	4.66	4.71	0.05	0.00	4.32	5.18	0.33	5	1	11	0
ACTB	ACTB	14.49	14.12	-0.37	-0.22	13.13	15.40	0.69	9	3	3	6
FYN	FYN	11.84	11.97	0.13	0.25	11.23	12.39	0.40	4	3	8	1
DAXX	DAXX	9.47	9.30	-0.18	-0.20	8.81	9.84	0.24	10	0	11	1
FCF1	FCF1	10.33	10.37	0.03	0.00	9.96	10.75	0.25	5	0	12	0
CLEC5A	CLEC5A	7.72	7.56	-0.16	0.00	6.22	9.77	1.10	7	2	4	6
GCH1	GCH1	10.13	9.64	-0.49	-0.11	8.64	11.52	0.92	9	3	1	8
NR1H3	NR1H3	4.73	4.57	-0.16	-0.22	4.32	5.10	0.30	9	0	12	0
ZNF346	ZNF346	5.97	5.97	0.00	0.00	5.51	6.36	0.31	6	0	12	0
HSPG2	HSPG2	4.32	4.32	0.00	0.00	4.32	4.32	0.00	0	0	12	0
ADAMTS12	ADAMTS12	5.21	4.99	-0.21	0.00	4.32	6.35	0.69	8	2	5	5
FAS	FAS	8.52	8.77	0.25	0.11	7.77	9.29	0.48	3	4	7	1
NCOR1	NCOR1	10.90	10.78	-0.11	-0.11	10.38	11.33	0.24	9	0	11	1
CRABP2	CRABP2	5.80	5.59	-0.20	-0.12	4.33	7.09	0.70	8	2	5	5
DDR2	DDR2	4.89	4.47	-0.42	-0.27	4.32	5.39	0.29	11	1	4	7
ETS1	ETS1	11.27	11.24	-0.03	0.00	10.96	11.63	0.20	7	0	12	0
TIMP3	TIMP3	5.21	4.65	-0.56	-0.10	4.32	6.29	0.64	10	2	1	9
C5AR1	C5AR1	5.88	5.41	-0.46	-0.11	4.32	7.26	0.90	9	2	2	8
CD244	CD244	7.44	7.51	0.06	0.14	7.00	8.18	0.41	5	3	9	0
FCGR1A	FCGR1A	5.38	5.07	-0.31	0.00	4.32	6.72	0.91	8	4	0	8
IL21R	IL21R	8.56	8.45	-0.11	0.00	7.32	9.85	0.75	7	3	5	4
FGF7	FGF7	5.05	4.96	-0.09	0.00	4.32	6.41	0.63	7	1	6	5
CTSL	CTSL	7.95	8.60	0.65	0.30	6.68	9.88	0.88	2	7	3	2
CEBPB	CEBPB	9.46	9.46	0.00	0.00	8.68	10.41	0.58	6	3	5	4
TLR1	TLR1	8.62	8.54	-0.08	0.00	7.78	9.41	0.54	7	3	6	3
RASGRF2	RASGRF2	5.26	4.98	-0.28	-0.33	4.32	6.41	0.61	9	1	7	4
TLR5	TLR5	5.01	4.77	-0.24	-0.22	4.32	5.94	0.49	9	1	6	5
ERCC_00117.1	ERCC_00117.1	15.77	15.77	0.00	0.00	15.47	16.14	0.18	6	0	12	0
KIT	KIT	6.30	6.30	0.00	0.00	4.32	7.24	0.82	6	5	5	2
NR4A2	NR4A2	8.17	8.17	0.00	0.00	5.27	10.57	1.39	6	5	3	4
CXCL11	CXCL11	5.26	5.26	-0.00	0.00	4.32	6.38	0.81	6	5	2	5
AIF1	AIF1	7.03	7.35	0.32	0.00	4.32	9.84	1.98	5	7	0	5
CDH1	CDH1	4.49	4.35	-0.13	-0.09	4.32	4.65	0.09	11	0	12	0
IL27RA	IL27RA	8.03	7.96	-0.07	0.00	7.47	8.71	0.45	7	2	7	3
BIRC2	BIRC2	10.02	9.96	-0.06	0.00	9.44	10.57	0.38	7	2	8	2
EDN	EDN	5.00	5.07	0.08	0.14	4.32	5.86	0.51	5	4	6	2
ADAMTS14	ADAMTS14	4.62	4.42	-0.20	0.00	4.32	5.01	0.23	10	0	12	0
PTPRB	PTPRB	6.22	6.34	0.13	0.00	4.38	7.75	0.89	5	5	5	2
CD80	CD80	5.92	6.66	0.73	0.22	4.32	8.46	1.44	3	9	0	3
CCL19	CCL19	6.53	5.51	-1.02	-0.11	4.32	8.95	1.81	9	3	0	9
MARCO	MARCO	4.67	4.44	-0.23	0.00	4.32	5.29	0.28	10	1	11	0
IL27	IL27	5.29	4.66	-0.63	-0.27	4.32	6.05	0.50	11	1	3	8
CCL11	CCL11	4.90	4.71	-0.19	-0.33	4.32	5.67	0.41	9	1	6	5
CD28	CD28	6.69	6.88	0.19	0.00	4.73	8.73	1.22	5	7	0	5
CLEC7A	CLEC7A	6.42	6.09	-0.33	-0.12	4.32	8.33	1.11	8	3	3	6
LRP5	LRP5	4.76	4.56	-0.20	-0.11	4.32	5.41	0.38	9	1	11	0
CTNNB1	CTNNB1	11.27	11.21	-0.05	-0.12	11.02	11.54	0.17	8	0	12	0
FUT4	FUT4	6.92	6.81	-0.11	-0.11	6.37	7.24	0.23	9	0	11	1
ELANE	ELANE	5.39	4.87	-0.52	-0.20	4.32	6.58	0.66	10	1	3	8
DHX16	DHX16	7.09	7.05	-0.03	-0.14	6.46	7.36	0.25	7	0	11	1
TUBB	TUBB	10.34	10.34	0.00	0.00	9.52	11.31	0.59	6	3	5	4
FLNB	FLNB	7.28	7.16	-0.12	0.00	5.92	8.40	0.80	7	3	5	4
MSC	MSC	6.60	6.31	-0.28	-0.22	5.71	7.48	0.57	9	2	4	6
LAPTM5	LAPTM5	11.97	12.23	0.26	0.33	11.08	13.08	0.55	3	5	6	1
CXCL5	CXCL5	6.89	6.64	-0.25	0.00	4.32	9.94	1.68	7	4	2	6
FZD6	FZD6	5.33	5.50	0.17	0.25	4.32	6.37	0.57	4	5	5	2
SELP	SELP	4.32	4.32	0.00	0.00	4.32	4.32	0.00	0	0	12	0
HLA-DMA	HLA-DMA	8.21	8.12	-0.09	0.00	7.45	9.31	0.60	7	2	5	5
TNFSF4	TNFSF4	8.07	7.95	-0.12	0.00	7.07	9.49	0.77	7	3	4	5
PGGT1B	PGGT1B	8.62	8.59	-0.03	0.00	8.33	9.02	0.20	7	0	12	0
PTGDS	PTGDS	7.01	6.70	-0.31	-0.12	5.19	8.79	1.04	8	2	3	7
SLC16A6	SLC16A6	8.15	8.21	0.06	0.00	7.59	8.91	0.40	5	2	9	1
CASP7	CASP7	7.73	7.60	-0.14	-0.12	6.88	8.40	0.45	8	2	8	2
CYP1B1	CYP1B1	8.53	8.71	0.18	0.00	7.33	9.78	0.62	4	3	8	1
MAP3K4	MAP3K4	8.78	8.88	0.10	0.00	8.24	9.30	0.32	4	1	10	1
CTSG	CTSG	4.32	4.32	0.00	0.00	4.32	4.32	0.00	0	0	12	0
ACAD10	ACAD10	7.20	7.20	0.00	0.00	6.42	7.88	0.50	6	4	6	2
ERCC_00126.1	ERCC_00126.1	4.84	4.74	-0.11	-0.12	4.17	5.29	0.34	8	0	11	1
ICAM1	ICAM1	8.56	8.56	-0.00	0.00	7.16	9.69	0.89	6	4	5	3
CCL22	CCL22	8.60	8.39	-0.21	-0.14	6.47	11.28	1.50	7	4	3	5
EN1	EN1	4.71	4.65	-0.06	0.00	4.32	5.41	0.41	7	2	10	0
HDAC5	HDAC5	7.02	7.47	0.45	0.00	5.77	8.30	0.82	3	9	0	3
USP18	USP18	6.23	5.45	-0.79	-0.30	4.32	7.53	1.03	10	2	2	8
TNC	TNC	4.42	4.34	-0.09	0.00	4.32	4.53	0.06	11	0	12	0
CXCL2	CXCL2	8.08	7.59	-0.48	-0.22	5.83	9.33	1.00	9	3	2	7
RHOG	RHOG	9.10	9.15	0.05	0.00	8.45	9.82	0.37	5	1	9	2
FAF1	FAF1	9.06	9.08	0.02	0.00	8.84	9.47	0.16	5	0	12	0
PBX1	PBX1	4.80	4.49	-0.31	0.00	4.32	5.47	0.36	10	1	11	0
LAT	LAT	8.91	8.86	-0.05	0.00	8.37	9.45	0.30	7	1	10	1
IL33	IL33	5.77	5.22	-0.54	-0.40	4.32	6.72	0.74	10	2	4	6
KALRN	KALRN	4.54	4.40	-0.14	-0.10	4.32	4.79	0.16	10	0	12	0
IGF1	IGF1	4.33	4.32	-0.01	0.00	4.32	4.34	0.01	11	0	12	0
CD38	CD38	9.41	9.13	-0.28	0.00	7.97	10.81	0.86	8	3	1	8
PF4	PF4	4.32	4.32	0.00	0.00	4.32	4.32	0.00	0	0	12	0
VTCN1	VTCN1	4.32	4.32	0.00	0.00	4.32	4.32	0.00	0	0	12	0
ELL2	ELL2	8.53	8.40	-0.13	0.00	7.13	9.58	0.82	7	4	3	5
JAML	JAML	9.44	9.97	0.52	0.12	6.82	12.55	1.77	4	7	1	4
TGFB1	TGFB1	10.53	10.67	0.15	0.12	9.81	11.34	0.47	4	3	8	1
CXCL16	CXCL16	6.97	7.05	0.08	0.12	6.46	7.66	0.30	4	1	10	1
OLR1	OLR1	5.63	5.45	-0.17	0.00	4.32	7.11	1.10	7	4	2	6
NMB	NMB	6.25	6.33	0.08	0.14	5.27	7.26	0.56	5	3	7	2
TRIM39	TRIM39	7.05	7.19	0.15	0.00	6.63	7.48	0.27	3	0	12	0
HAVCR1	HAVCR1	7.39	7.68	0.28	0.12	6.27	9.08	0.91	4	7	1	4
ANXA4	ANXA4	8.02	8.02	0.00	0.00	7.24	8.88	0.49	6	2	8	2
ANGPT2	ANGPT2	4.32	4.32	0.00	0.00	4.32	4.32	0.00	0	0	12	0
NKG7	NKG7	13.66	13.75	0.10	0.12	13.18	14.27	0.32	4	1	11	0
STAT4	STAT4	11.42	11.34	-0.08	-0.11	11.12	11.74	0.16	9	0	12	0
SAP130	SAP130	8.54	8.57	0.03	0.00	8.26	8.95	0.20	5	0	12	0
PSMB8	PSMB8	11.18	11.01	-0.18	-0.11	10.67	11.69	0.34	9	1	10	1
P2RX1	P2RX1	4.32	4.32	0.00	0.00	4.32	4.32	0.00	0	0	12	0
NFATC1	NFATC1	7.35	7.46	0.11	0.12	6.67	7.99	0.36	4	2	9	1
GATA1	GATA1	4.32	4.32	0.00	0.00	4.32	4.32	0.00	0	0	12	0
GSN	GSN	7.90	7.67	-0.23	-0.12	6.81	9.00	0.71	8	3	3	6
NCF2	NCF2	7.63	7.75	0.12	0.00	5.96	9.18	0.83	5	4	5	3
BATF3	BATF3	6.24	6.74	0.50	0.12	4.32	8.88	1.60	4	7	2	3
S100A9	S100A9	9.04	8.70	-0.34	-0.25	7.01	10.66	1.15	8	4	3	5
TNFRSF12A	TNFRSF12A	5.08	5.03	-0.05	0.00	4.32	5.86	0.39	7	1	10	1
CALR	CALR	12.74	12.46	-0.29	-0.33	11.77	13.35	0.57	9	3	4	5
SERPINB9	SERPINB9	10.77	10.95	0.18	0.12	9.91	12.17	0.62	4	4	6	2
MAP3K14	MAP3K14	7.80	7.77	-0.02	0.00	7.59	8.16	0.17	7	0	12	0
FGF2	FGF2	4.32	4.32	0.00	0.00	4.32	4.32	0.00	0	0	12	0
AOAH	AOAH	11.21	11.29	0.08	0.14	10.29	12.52	0.60	5	3	7	2
CD151	CD151	5.27	5.42	0.16	0.12	4.32	6.41	0.55	4	2	8	2
PSMB9	PSMB9	11.39	11.16	-0.22	-0.22	10.63	12.09	0.44	9	1	7	4
CDH2	CDH2	4.94	4.56	-0.38	-0.10	4.32	5.83	0.46	10	1	2	9
IRF1	IRF1	10.20	10.13	-0.07	0.00	9.42	11.01	0.45	7	2	8	2
CYBB	CYBB	8.89	8.41	-0.48	0.00	6.74	11.00	1.42	8	4	0	8
CDC20	CDC20	5.69	5.30	-0.39	0.00	4.32	7.60	1.19	8	3	2	7
VAMP2	VAMP2	9.70	9.75	0.06	0.00	8.99	10.41	0.40	5	2	9	1
PTPN14	PTPN14	4.32	4.32	0.00	0.00	4.32	4.32	0.00	0	0	12	0
SERPINE3	SERPINE3	5.21	4.64	-0.57	-0.36	4.32	5.90	0.46	11	1	2	9
MAPK12	MAPK12	4.32	4.32	0.00	0.00	4.32	4.32	0.00	0	0	12	0
NOX3	NOX3	4.32	4.32	0.00	0.00	4.32	4.32	0.00	0	0	12	0
CD247	CD247	10.55	10.64	0.09	0.00	10.11	11.29	0.30	4	1	11	0
PRG3	PRG3	4.32	4.32	0.00	0.00	4.32	4.32	0.00	0	0	12	0
ERCC_00096.1	ERCC_00096.1	4.37	4.37	0.00	0.00	3.58	5.04	0.41	6	1	9	2
PTPRK	PTPRK	5.03	5.03	0.00	0.00	4.32	6.19	0.65	6	3	4	5
SMAD7	SMAD7	11.01	10.91	-0.10	0.00	10.15	12.00	0.64	7	3	3	6
RNASE2	RNASE2	4.32	4.32	0.00	0.00	4.32	4.32	0.00	0	0	12	0
LAMB2	LAMB2	4.32	4.32	0.00	0.00	4.32	4.32	0.00	0	0	12	0
PDCD1LG2	PDCD1LG2	4.73	4.52	-0.20	0.00	4.32	5.39	0.37	9	1	11	0
S100A10	S100A10	10.11	10.01	-0.09	-0.12	9.58	10.52	0.30	8	0	11	1
EGR3	EGR3	7.28	6.71	-0.57	-0.33	5.23	9.82	1.21	9	2	2	8
CLEC1B	CLEC1B	4.32	4.32	0.00	0.00	4.32	4.32	0.00	0	0	12	0
BIRC5	BIRC5	6.35	6.16	-0.19	0.00	4.32	8.62	1.28	7	4	1	7
TLK2	TLK2	8.95	8.92	-0.04	-0.14	8.47	9.35	0.27	7	0	12	0
SF3A3	SF3A3	8.63	8.71	0.08	0.11	8.39	8.90	0.16	3	0	12	0
NFYC	NFYC	8.14	8.14	0.00	0.00	7.70	8.67	0.33	6	1	11	0
PFDN6	PFDN6	9.10	9.10	0.00	0.00	8.39	9.56	0.34	6	0	11	1
ZC3H14	ZC3H14	8.67	8.70	0.03	0.14	8.40	8.93	0.18	5	0	12	0
IL22	IL22	6.35	5.34	-1.02	0.00	4.32	9.23	1.80	9	3	0	9
IKZF1	IKZF1	10.91	10.94	0.03	0.14	10.54	11.30	0.21	5	0	12	0
HPGDS	HPGDS	4.58	4.37	-0.22	0.00	4.32	4.84	0.14	11	0	12	0
HIST1H1C	HIST1H1C	12.29	12.39	0.10	0.00	11.24	13.08	0.64	5	5	5	2
LAT2	LAT2	9.33	9.72	0.40	0.30	8.55	10.36	0.54	2	6	5	1
FADD	FADD	4.54	4.50	-0.03	0.00	4.32	4.92	0.22	7	0	12	0
KLF10	KLF10	9.29	9.63	0.34	0.25	7.65	11.19	1.10	4	6	2	4
IL12B	IL12B	5.68	5.00	-0.68	0.00	4.32	7.37	1.18	9	3	0	9
LIPA	LIPA	9.90	9.56	-0.33	0.00	8.62	11.92	1.01	8	4	0	8
TNFRSF8	TNFRSF8	5.05	4.90	-0.15	-0.25	4.32	6.23	0.54	8	1	7	4
TPSAB1	TPSAB1	4.32	4.32	0.00	0.00	4.32	4.32	0.00	0	0	12	0
SDHA	SDHA	8.24	8.34	0.10	0.00	7.82	8.80	0.31	4	1	11	0
CLIC4	CLIC4	7.37	7.60	0.22	0.12	6.42	9.02	0.74	4	6	2	4
MARCKSL1	MARCKSL1	8.07	7.79	-0.28	0.00	6.36	9.54	0.91	8	3	3	6
TMEM173	TMEM173	7.24	7.29	0.05	0.00	6.77	7.80	0.32	5	1	11	0
EDC3	EDC3	8.47	8.47	-0.00	0.00	7.99	8.82	0.25	6	0	12	0
ALOX15	ALOX15	4.68	4.51	-0.16	-0.11	4.32	5.16	0.30	9	0	12	0
CCR8	CCR8	4.32	4.32	0.00	0.00	4.32	4.32	0.00	0	0	12	0
CCR2	CCR2	6.01	6.17	0.16	0.14	4.32	7.69	1.07	5	5	4	3
MTMR14	MTMR14	8.48	8.44	-0.05	0.00	7.96	8.84	0.30	7	0	11	1
CD74	CD74	11.65	11.60	-0.05	-0.14	11.03	12.35	0.37	7	1	9	2
MIF	MIF	10.26	10.72	0.46	0.22	8.88	11.82	0.93	3	7	3	2
CD70	CD70	6.49	6.60	0.11	0.00	4.55	7.56	0.80	5	4	7	1
FCN1	FCN1	6.62	6.31	-0.31	0.00	4.32	9.74	2.01	7	4	1	7
CD1B	CD1B	4.78	4.47	-0.31	-0.27	4.32	5.15	0.23	11	0	12	0
JAK3	JAK3	8.69	8.51	-0.18	-0.12	7.82	9.64	0.58	8	2	5	5
HGF	HGF	4.81	4.40	-0.40	0.00	4.32	5.29	0.27	11	0	12	0
HOXD4	HOXD4	4.32	4.32	0.00	0.00	4.32	4.32	0.00	0	0	12	0
IL12A	IL12A	5.30	5.11	-0.19	0.00	4.32	6.53	0.63	8	2	6	4
TXN	TXN	11.86	11.38	-0.48	-0.22	9.85	12.95	0.97	9	3	2	7
RICTOR	RICTOR	9.53	9.48	-0.05	0.00	8.97	10.37	0.39	7	1	10	1
VCAM1	VCAM1	5.42	5.15	-0.26	0.00	4.32	6.88	0.82	8	2	4	6
YES1	YES1	10.37	10.06	-0.31	-0.22	9.35	11.37	0.61	9	2	4	6
RGS1	RGS1	8.41	8.94	0.54	0.11	7.09	10.58	1.04	3	8	1	3
SEMA4A	SEMA4A	5.22	5.81	0.60	0.30	4.32	6.91	0.78	2	7	3	2
FURIN	FURIN	9.44	8.90	-0.54	-0.22	7.93	10.77	1.00	9	3	1	8
CAV1	CAV1	4.32	4.32	0.00	0.00	4.32	4.32	0.00	0	0	12	0
ERCC_00019.1	ERCC_00019.1	3.39	3.39	-0.00	0.00	2.58	4.00	0.38	6	1	10	1
DPP4	DPP4	6.76	6.76	0.00	0.00	4.96	8.98	1.36	6	6	0	6
FN1	FN1	6.68	5.16	-1.52	0.00	4.32	8.98	1.72	10	2	0	10
ADORA3	ADORA3	5.42	4.88	-0.54	-0.30	4.32	6.29	0.65	10	2	2	8
ACOT11	ACOT11	4.36	4.33	-0.04	0.00	4.32	4.41	0.02	11	0	12	0
IRF2	IRF2	9.29	9.33	0.04	0.00	8.88	9.70	0.25	5	0	12	0
IL6	IL6	7.44	6.17	-1.27	0.00	4.32	10.48	2.30	9	3	0	9
ITGA4	ITGA4	8.94	8.97	0.03	0.00	8.67	9.33	0.19	5	0	12	0
ADGRE1	ADGRE1	4.79	4.42	-0.37	-0.09	4.32	5.23	0.26	11	0	12	0
CNOT10	CNOT10	7.99	8.01	0.02	0.00	7.69	8.23	0.16	5	0	12	0
MMP12	MMP12	4.70	4.45	-0.25	0.00	4.32	5.33	0.30	10	1	11	0
SEMA5A	SEMA5A	4.32	4.32	0.00	0.00	4.32	4.32	0.00	0	0	12	0
CPA3	CPA3	4.32	4.32	0.00	0.00	4.32	4.32	0.00	0	0	12	0
LTB	LTB	10.45	9.60	-0.85	-0.33	7.33	13.14	1.70	9	3	1	8
ITGAX	ITGAX	9.80	9.80	-0.00	0.00	8.72	10.59	0.55	6	3	7	2
IL5	IL5	4.45	4.34	-0.11	0.00	4.32	4.58	0.07	11	0	12	0
ADCYAP1R1	ADCYAP1R1	4.32	4.32	0.00	0.00	4.32	4.32	0.00	0	0	12	0
CLEC9A	CLEC9A	4.42	4.35	-0.06	0.00	4.32	4.54	0.07	10	0	12	0
IFNG	IFNG	12.05	10.21	-1.84	-0.11	6.04	16.70	3.49	9	3	0	9
COL15A1	COL15A1	4.59	4.42	-0.16	-0.10	4.32	4.93	0.19	10	0	12	0
ALAS1	ALAS1	6.25	6.20	-0.05	0.00	5.72	6.90	0.34	7	1	10	1
TNFAIP6	TNFAIP6	5.78	5.67	-0.11	0.00	4.54	7.12	0.75	7	3	4	5
IL25	IL25	4.32	4.32	0.00	0.00	4.32	4.32	0.00	0	0	12	0
CXCR2	CXCR2	6.76	6.04	-0.72	-0.30	4.32	8.28	1.03	10	2	2	8
EMP1	EMP1	7.99	7.99	-0.00	0.00	6.53	8.80	0.64	6	4	6	2
TLR3	TLR3	5.97	5.87	-0.10	0.00	4.86	7.09	0.68	7	2	7	3
MMP8	MMP8	4.32	4.32	0.00	0.00	4.32	4.32	0.00	0	0	12	0
SELE	SELE	4.32	4.32	0.00	0.00	4.32	4.32	0.00	0	0	12	0
PDE4A	PDE4A	8.40	8.20	-0.20	-0.25	7.29	9.51	0.69	8	2	5	5
CYP3A4	CYP3A4	4.32	4.32	0.00	0.00	4.32	4.32	0.00	0	0	12	0
NUBP1	NUBP1	8.62	8.78	0.16	0.22	8.08	9.30	0.33	3	1	10	1
MPO	MPO	5.31	4.54	-0.77	-0.09	4.32	6.23	0.53	11	1	1	10
TLR4	TLR4	5.37	4.90	-0.47	0.00	4.32	7.03	0.87	9	2	1	9
LIF	LIF	7.97	6.87	-1.10	-0.11	4.32	10.97	2.18	9	3	1	8
ANXA1	ANXA1	12.37	12.27	-0.11	-0.12	11.61	12.92	0.36	8	1	10	1
ERCC_00098.1	ERCC_00098.1	4.65	4.72	0.07	0.12	4.32	5.00	0.22	4	0	12	0
GZMA	GZMA	13.40	12.78	-0.62	-0.11	11.44	14.91	1.14	9	3	1	8
CXCL3	CXCL3	8.44	7.90	-0.54	-0.22	6.11	9.81	1.08	9	3	2	7
CCR1	CCR1	8.04	8.22	0.18	0.00	6.47	10.01	1.19	5	5	3	4
IL1RL1	IL1RL1	5.22	4.78	-0.44	0.00	4.32	6.56	0.78	9	2	1	9
CSF1R	CSF1R	4.86	4.50	-0.36	0.00	4.32	5.52	0.40	10	1	1	10
CC2D1B	CC2D1B	8.70	8.74	0.04	0.14	8.29	9.22	0.28	5	1	11	0
SOCS1	SOCS1	9.64	8.99	-0.65	-0.22	6.68	11.22	1.31	9	3	1	8
IL4	IL4	4.73	4.73	0.00	0.00	4.32	5.52	0.42	6	2	10	0
PRKCI	PRKCI	7.35	7.19	-0.17	-0.33	6.55	8.00	0.37	9	1	10	1
ERCC_00035.1	ERCC_00035.1	7.44	7.47	0.03	0.00	7.13	7.83	0.20	5	0	12	0
MAFF	MAFF	7.34	7.42	0.08	0.00	6.42	8.17	0.53	5	2	9	1
CCL5	CCL5	13.67	13.41	-0.26	-0.22	12.57	14.34	0.55	9	2	7	3
LTB4R2	LTB4R2	7.62	7.82	0.20	0.33	7.07	8.35	0.41	3	3	8	1
COL12A1	COL12A1	4.48	4.35	-0.14	0.00	4.32	4.65	0.09	11	0	12	0
LTA	LTA	9.65	8.45	-1.19	0.00	6.09	12.08	2.16	9	3	0	9
SIGLEC1	SIGLEC1	5.78	5.16	-0.63	-0.30	4.32	6.98	0.83	10	2	3	7
CNOT4	CNOT4	9.09	9.06	-0.03	0.00	8.74	9.31	0.19	7	0	12	0
LST1	LST1	7.00	6.54	-0.45	-0.40	5.52	7.78	0.63	10	2	5	5
CD34	CD34	4.32	4.32	0.00	0.00	4.32	4.32	0.00	0	0	12	0
LGALS3	LGALS3	9.90	9.69	-0.21	0.00	8.89	11.31	0.69	8	2	5	5
CCNB2	CCNB2	6.11	5.64	-0.46	0.00	4.32	8.58	1.43	8	4	1	7
ANOS1	ANOS1	4.32	4.32	0.00	0.00	4.32	4.32	0.00	0	0	12	0
CEBPG	CEBPG	9.58	9.77	0.19	0.22	9.06	10.33	0.37	3	2	9	1
PTGER2	PTGER2	10.74	10.36	-0.38	-0.22	9.22	12.18	0.79	9	2	4	6
ITGA5	ITGA5	10.02	10.02	0.00	0.00	9.28	11.41	0.62	6	2	6	4
CNN2	CNN2	10.23	10.27	0.04	0.14	9.77	10.71	0.29	5	0	12	0
FLT1	FLT1	6.33	6.33	0.00	0.00	4.32	8.32	1.34	6	5	2	5
PPIA	PPIA	13.34	13.28	-0.05	0.00	12.62	13.86	0.37	7	1	9	2
ERCC_00076.1	ERCC_00076.1	2.90	2.96	0.06	0.00	2.00	3.46	0.41	5	2	9	1
VEGFA	VEGFA	7.84	8.38	0.54	0.12	5.43	10.76	1.69	4	7	2	3
PROK2	PROK2	6.43	5.86	-0.57	0.00	4.32	8.80	1.66	8	4	0	8
ADAMTS2	ADAMTS2	4.32	4.32	0.00	0.00	4.32	4.32	0.00	0	0	12	0
RAB20	RAB20	6.77	6.67	-0.11	-0.14	5.77	7.83	0.70	7	3	4	5
CTGF	CTGF	4.32	4.32	0.00	0.00	4.32	4.32	0.00	0	0	12	0
NOL7	NOL7	9.36	9.49	0.13	0.22	9.03	9.90	0.27	3	1	11	0
SP4	SP4	8.67	8.75	0.08	0.25	8.26	9.19	0.27	4	1	11	0
TM7SF3	TM7SF3	8.85	8.90	0.05	0.00	8.18	9.57	0.35	5	1	10	1
NGF	NGF	4.40	4.33	-0.06	0.00	4.32	4.47	0.04	11	0	12	0
ACOT1	ACOT1	4.32	4.32	0.00	0.00	4.32	4.32	0.00	0	0	12	0
MX1	MX1	10.15	9.66	-0.49	0.00	8.01	12.75	1.54	8	3	1	8
APOE	APOE	5.51	4.52	-0.99	0.00	4.32	6.70	0.66	11	1	0	11
CCL13	CCL13	4.70	4.47	-0.23	-0.20	4.32	5.09	0.26	10	0	12	0
KLK3	KLK3	4.32	4.32	0.00	0.00	4.32	4.32	0.00	0	0	12	0
KITLG	KITLG	5.07	5.07	-0.00	0.00	4.32	6.26	0.67	6	3	5	4
FGF18	FGF18	4.32	4.32	0.00	0.00	4.32	4.32	0.00	0	0	12	0
SYK	SYK	7.74	8.15	0.40	0.30	7.02	9.00	0.56	2	6	5	1
TNFRSF1A	TNFRSF1A	9.23	9.23	-0.00	0.00	8.68	9.87	0.35	6	1	10	1
ERCC_00034.1	ERCC_00034.1	6.68	6.64	-0.05	0.00	6.46	6.93	0.15	8	0	12	0
IFNGR1	IFNGR1	10.64	10.76	0.11	0.00	10.10	11.47	0.37	4	1	10	1
CYSLTR1	CYSLTR1	7.42	7.17	-0.24	-0.11	6.61	8.11	0.48	9	2	6	4
CCL18	CCL18	5.26	4.87	-0.38	0.00	4.32	6.21	0.70	9	2	3	7
RASAL1	RASAL1	6.37	6.18	-0.19	0.00	4.98	7.75	0.66	8	1	7	4
TLR9	TLR9	4.99	4.90	-0.08	0.00	4.32	6.26	0.58	7	1	7	4
C1QA	C1QA	4.32	4.32	0.00	0.00	4.32	4.32	0.00	0	0	12	0
PBX3	PBX3	6.02	6.08	0.07	0.14	5.22	6.94	0.48	5	2	9	1
IFNA2	IFNA2	4.32	4.32	0.00	0.00	4.32	4.32	0.00	0	0	12	0
IRF8	IRF8	8.65	8.95	0.30	0.00	7.47	10.21	0.94	4	6	2	4
SGPP1	SGPP1	8.54	8.51	-0.03	0.00	8.24	8.85	0.20	7	0	12	0
PELI1	PELI1	8.75	8.61	-0.15	0.00	8.05	9.83	0.48	8	1	8	3
IL17RA	IL17RA	8.25	8.42	0.17	0.11	7.74	8.85	0.34	3	3	8	1
PDCD1	PDCD1	5.18	4.96	-0.22	-0.12	4.32	6.47	0.69	8	3	4	5
GATA2	GATA2	4.32	4.32	0.00	0.00	4.32	4.32	0.00	0	0	12	0
TNFRSF11A	TNFRSF11A	7.01	7.10	0.09	0.00	6.04	8.40	0.63	5	3	7	2
GPR65	GPR65	8.06	8.40	0.34	0.20	7.24	9.04	0.46	2	5	6	1
ISG15	ISG15	8.74	8.33	-0.41	-0.12	6.58	10.82	1.31	8	3	2	7
HBEGF	HBEGF	4.83	4.67	-0.16	0.00	4.32	6.15	0.54	8	1	4	7
OSM	OSM	5.23	4.82	-0.41	-0.11	4.32	6.64	0.79	9	2	2	8
FLT3	FLT3	5.29	5.60	0.30	0.22	4.32	6.36	0.60	3	5	6	1
GTF2H2	GTF2H2	9.23	9.37	0.14	0.00	8.43	10.30	0.48	4	2	9	1
TNFRSF4	TNFRSF4	4.97	4.73	-0.23	-0.22	4.32	5.75	0.46	9	1	6	5
ENPEP	ENPEP	4.67	4.38	-0.29	0.00	4.32	5.01	0.19	11	0	12	0
IL6R	IL6R	5.93	5.93	-0.00	0.00	4.75	7.00	0.58	6	2	8	2
FGF10	FGF10	4.32	4.32	0.00	0.00	4.32	4.32	0.00	0	0	12	0
HPRT1	HPRT1	9.10	9.39	0.30	0.00	8.41	10.02	0.54	3	6	3	3
CSF3	CSF3	4.32	4.32	0.00	0.00	4.32	4.32	0.00	0	0	12	0
IL4R	IL4R	8.57	8.68	0.11	0.00	7.33	9.70	0.69	5	6	4	2
ARHGEF6	ARHGEF6	9.79	9.79	-0.00	0.00	9.31	10.26	0.34	6	0	12	0
CD1C	CD1C	5.26	4.94	-0.32	0.00	4.32	6.36	0.62	9	2	4	6
PPARG	PPARG	5.29	6.10	0.81	0.27	4.32	6.61	0.57	1	11	0	1
CCL7	CCL7	5.19	5.43	0.24	0.25	4.32	6.41	0.76	4	5	4	3
B4GALT4	B4GALT4	7.45	7.47	0.02	0.00	7.24	7.71	0.15	5	0	12	0
BCL6	BCL6	7.65	8.00	0.35	0.11	6.82	8.95	0.68	3	6	4	2
BID	BID	9.36	9.41	0.05	0.00	8.70	9.94	0.37	5	2	9	1
CDH13	CDH13	4.65	4.39	-0.26	-0.09	4.32	4.97	0.18	11	0	12	0
FOSL1	FOSL1	5.35	5.24	-0.11	0.00	4.32	6.44	0.76	7	3	4	5
HNF1B	HNF1B	5.58	5.01	-0.57	-0.40	4.32	6.50	0.74	10	2	3	7
FCGR2B	FCGR2B	7.06	7.62	0.56	0.33	5.67	9.35	1.12	3	6	3	3
ZNF143	ZNF143	8.25	8.30	0.06	0.00	8.00	8.50	0.17	4	0	12	0
CDKN1A	CDKN1A	8.14	8.31	0.16	0.00	6.55	9.77	1.08	5	6	2	4
HDAC3	HDAC3	8.35	8.42	0.08	0.11	8.11	8.58	0.15	3	0	12	0
ANGPT1	ANGPT1	5.38	5.15	-0.23	-0.12	4.32	6.58	0.73	8	3	3	6
MSH2	MSH2	7.92	7.98	0.07	0.00	7.25	8.79	0.46	5	2	9	1
CD27	CD27	6.15	6.63	0.49	0.22	4.38	8.06	0.99	3	7	3	2
GNAI3	GNAI3	9.18	9.05	-0.13	-0.22	8.60	9.51	0.27	9	0	10	2
RAPGEF4	RAPGEF4	4.32	4.32	0.00	0.00	4.32	4.32	0.00	0	0	12	0
CD40	CD40	6.28	6.56	0.28	0.12	4.32	7.97	0.96	4	5	5	2
PTGS1	PTGS1	5.28	4.73	-0.56	-0.10	4.32	6.26	0.66	10	2	1	9
MMP9	MMP9	7.77	7.77	0.00	0.00	5.29	11.00	1.46	6	5	2	5
INSIG1	INSIG1	10.55	10.47	-0.08	0.00	9.95	11.50	0.52	7	2	6	4
C3AR1	C3AR1	7.21	7.21	-0.00	0.00	6.06	8.21	0.61	6	2	8	2
TXNDC16	TXNDC16	7.75	7.75	-0.00	0.00	6.77	8.41	0.46	6	2	9	1
MS4A1	MS4A1	5.94	6.05	0.11	0.00	4.93	6.98	0.71	5	4	5	3
HIVEP1	HIVEP1	8.78	8.64	-0.14	-0.12	7.92	9.53	0.45	8	1	9	2
PTGS2	PTGS2	5.84	5.32	-0.52	-0.22	4.32	7.80	1.06	9	2	3	7
ARG1	ARG1	4.32	4.32	0.00	0.00	4.32	4.32	0.00	0	0	12	0
ITGB1	ITGB1	11.73	11.48	-0.25	-0.22	10.68	12.30	0.49	9	1	8	3
TIMD4	TIMD4	4.60	4.41	-0.18	0.00	4.32	4.96	0.21	10	0	12	0
GATA3	GATA3	9.66	9.44	-0.21	-0.33	8.56	10.18	0.46	9	1	8	3
NRIP3	NRIP3	5.14	4.91	-0.23	-0.12	4.32	6.12	0.69	8	2	4	6
FCER2	FCER2	4.75	4.75	0.00	0.00	4.32	5.28	0.36	6	1	11	0
RUNX2	RUNX2	4.87	4.53	-0.34	-0.10	4.32	5.62	0.40	10	1	2	9
CXCR3	CXCR3	8.94	8.80	-0.14	-0.14	7.01	10.91	1.04	7	3	4	5
PDGFA	PDGFA	5.03	4.53	-0.50	-0.09	4.32	5.64	0.37	11	1	1	10
IL2	IL2	4.62	4.37	-0.25	0.00	4.32	4.93	0.17	11	0	12	0
MMP13	MMP13	4.32	4.32	0.00	0.00	4.32	4.32	0.00	0	0	12	0
ALOX5	ALOX5	6.72	6.39	-0.33	0.00	4.69	8.45	1.06	8	3	2	7
MET	MET	4.80	4.66	-0.14	0.00	4.32	5.58	0.43	8	1	11	0
CEBPA	CEBPA	6.75	6.75	-0.00	0.00	5.34	8.29	0.85	6	3	5	4
FZD4	FZD4	4.41	4.34	-0.07	0.00	4.32	4.50	0.05	11	0	12	0
VASP	VASP	10.04	9.86	-0.17	0.00	9.22	10.71	0.52	8	2	6	4
MAN2B1	MAN2B1	8.04	7.95	-0.10	0.00	7.54	8.61	0.32	8	1	10	1
C1QC	C1QC	4.63	4.43	-0.20	0.00	4.32	5.16	0.24	10	1	11	0
COL3A1	COL3A1	5.21	4.99	-0.22	-0.12	4.32	6.41	0.73	8	2	5	5
TGM2	TGM2	4.69	4.51	-0.19	0.00	4.32	5.16	0.32	9	0	12	0
NOS2	NOS2	4.73	4.66	-0.07	0.00	4.32	5.52	0.43	7	2	10	0
RETNLB	RETNLB	4.86	4.45	-0.41	-0.18	4.32	5.35	0.29	11	0	3	9
RND3	RND3	4.32	4.32	0.00	0.00	4.32	4.32	0.00	0	0	12	0
MAP2K2	MAP2K2	9.25	9.23	-0.02	0.00	8.97	9.44	0.14	7	0	12	0
PLAU	PLAU	7.86	7.57	-0.29	-0.12	6.04	9.08	0.94	8	3	4	5
ADAMTS9	ADAMTS9	4.32	4.32	0.00	0.00	4.32	4.32	0.00	0	0	12	0
FCER1A	FCER1A	5.78	4.91	-0.87	-0.10	4.32	7.21	1.00	10	2	0	10
BATF	BATF	7.42	7.21	-0.20	0.00	6.48	8.71	0.64	8	2	5	5
FPR3	FPR3	6.99	6.47	-0.52	-0.12	4.32	9.16	1.62	8	4	1	7
YAP1	YAP1	4.84	4.51	-0.32	-0.10	4.32	5.63	0.39	10	1	2	9
NFKBIE	NFKBIE	8.68	8.86	0.18	0.22	8.02	9.46	0.38	3	2	9	1
VAV2	VAV2	5.57	5.57	0.00	0.00	4.32	6.46	0.59	6	3	6	3
TRAF6	TRAF6	9.23	9.17	-0.06	0.00	8.90	9.57	0.20	8	0	12	0
NAMPT	NAMPT	10.11	10.22	0.11	0.00	8.79	11.09	0.74	5	5	5	2
SELL	SELL	8.29	8.64	0.35	0.22	7.15	9.91	0.75	3	5	5	2
TLR6	TLR6	5.90	5.90	-0.00	0.00	4.32	7.26	0.89	6	3	6	3
EPHB6	EPHB6	4.87	4.70	-0.18	0.00	4.32	5.93	0.54	8	2	3	7
TEP1	TEP1	7.67	7.47	-0.20	-0.30	7.11	8.01	0.26	10	0	10	2
MERTK	MERTK	5.98	5.19	-0.79	0.00	4.32	7.91	1.40	9	3	0	9
KRBA1	KRBA1	4.60	4.38	-0.22	-0.09	4.32	4.86	0.15	11	0	12	0
EIF2B4	EIF2B4	8.81	8.83	0.02	0.00	8.61	9.10	0.14	5	0	12	0
TREM1	TREM1	5.22	5.11	-0.12	0.00	4.32	6.54	0.75	7	4	3	5
TTK	TTK	6.15	5.95	-0.19	-0.14	4.32	8.00	1.31	7	4	3	5
LPL	LPL	5.48	4.80	-0.68	-0.10	4.32	7.29	0.85	10	1	1	10
DDX50	DDX50	9.27	9.26	-0.02	-0.14	9.04	9.45	0.12	7	0	12	0
VAV1	VAV1	9.47	9.37	-0.09	-0.12	8.95	9.97	0.30	8	0	11	1
IDO2	IDO2	4.32	4.32	0.00	0.00	4.32	4.32	0.00	0	0	12	0
FBXL7	FBXL7	4.73	4.54	-0.19	-0.11	4.32	5.29	0.34	9	1	11	0
PTGDR	PTGDR	6.96	7.08	0.11	0.00	5.17	8.35	0.82	5	3	8	1
SAA1	SAA1	4.32	4.32	0.00	0.00	4.32	4.32	0.00	0	0	12	0
TBP	TBP	8.79	8.83	0.03	0.00	8.36	9.06	0.22	5	0	12	0
AREG	AREG	5.09	4.98	-0.12	0.00	4.32	6.32	0.75	7	4	2	6
ADAMTS3	ADAMTS3	4.32	4.32	0.00	0.00	4.32	4.32	0.00	0	0	12	0
CSF2	CSF2	7.08	8.46	1.38	0.22	4.32	12.46	2.80	3	8	1	3
STAB1	STAB1	5.79	5.22	-0.57	0.00	4.32	7.43	1.04	9	3	0	9
CTLA4	CTLA4	5.00	5.25	0.25	0.33	4.32	6.26	0.54	3	3	7	2
BTK	BTK	5.05	4.80	-0.24	-0.22	4.32	6.02	0.50	9	1	7	4
LAG3	LAG3	8.98	8.42	-0.55	0.00	7.34	10.84	1.03	9	3	0	9
STAT5B	STAT5B	9.45	9.72	0.27	0.33	8.78	10.23	0.52	3	6	4	2
S100A4	S100A4	11.31	11.31	-0.00	0.00	10.54	12.04	0.40	6	2	9	1
RNASE3	RNASE3	4.32	4.32	0.00	0.00	4.32	4.32	0.00	0	0	12	0
MPEG1	MPEG1	7.40	6.89	-0.51	0.00	5.17	9.77	1.56	8	3	1	8
NOD2	NOD2	6.26	6.21	-0.05	0.00	5.55	7.03	0.37	7	1	10	1
CXCL13	CXCL13	4.32	4.32	0.00	0.00	4.32	4.32	0.00	0	0	12	0
NOX1	NOX1	4.32	4.32	0.00	0.00	4.32	4.32	0.00	0	0	12	0
CBR1	CBR1	7.16	6.91	-0.25	-0.22	6.05	7.83	0.52	9	1	7	4
GPATCH3	GPATCH3	6.03	5.92	-0.11	-0.12	5.48	6.52	0.34	8	0	10	2
STK17A	STK17A	11.79	11.68	-0.12	0.00	11.02	12.32	0.37	8	1	10	1
ITGAM	ITGAM	8.40	8.67	0.28	0.33	7.29	9.42	0.59	3	5	6	1
VEGFC	VEGFC	4.86	4.60	-0.26	0.00	4.32	5.44	0.45	9	2	2	8
CD274	CD274	7.56	7.30	-0.26	0.00	6.00	8.70	0.81	8	3	2	7
NOX4	NOX4	4.56	4.36	-0.20	0.00	4.32	4.79	0.13	11	0	12	0
MYC	MYC	8.05	8.39	0.34	0.11	6.85	9.90	0.74	3	7	3	2
CD40LG	CD40LG	6.74	6.87	0.12	0.00	5.71	8.75	0.89	5	3	4	5
FPR2	FPR2	4.52	4.35	-0.16	0.00	4.32	4.72	0.11	11	0	12	0
ERG	ERG	4.32	4.32	0.00	0.00	4.32	4.32	0.00	0	0	12	0
IER3	IER3	8.04	7.91	-0.13	-0.12	7.24	8.91	0.46	8	1	8	3
CX3CR1	CX3CR1	10.26	10.17	-0.09	0.00	9.18	11.08	0.60	7	3	6	3
CD99	CD99	9.86	9.83	-0.03	0.00	9.40	10.17	0.20	7	0	12	0
TGFA	TGFA	5.93	6.05	0.12	0.00	5.31	6.55	0.38	4	2	8	2
TUBA1A	TUBA1A	4.42	4.34	-0.09	0.00	4.32	4.53	0.06	11	0	12	0
PROS1	PROS1	5.85	5.76	-0.10	-0.14	4.57	7.09	0.70	7	2	8	2
NOD1	NOD1	7.31	7.31	0.00	0.00	6.69	7.86	0.31	6	1	10	1
BCL2	BCL2	8.44	8.58	0.14	0.14	6.92	10.54	1.01	5	5	4	3
NFKBIZ	NFKBIZ	10.00	9.75	-0.25	-0.12	8.33	11.29	0.83	8	2	5	5
FPR1	FPR1	4.81	4.40	-0.40	0.00	4.32	5.29	0.27	11	0	12	0
RHOJ	RHOJ	4.32	4.32	0.00	0.00	4.32	4.32	0.00	0	0	12	0
MALT1	MALT1	9.79	9.71	-0.08	-0.11	9.48	10.05	0.16	9	0	12	0
IL23A	IL23A	6.55	6.21	-0.35	-0.12	4.32	8.59	1.22	8	3	3	6
CXCL1	CXCL1	8.10	7.02	-1.08	-0.11	4.32	11.08	2.03	9	3	0	9
GRN	GRN	8.44	8.17	-0.27	0.00	7.23	9.74	0.82	8	3	2	7
IL1RN	IL1RN	5.41	5.54	0.13	0.00	4.32	7.14	0.88	5	6	3	3
TNFAIP3	TNFAIP3	12.71	12.71	0.00	0.00	11.98	13.53	0.53	6	4	4	4
ID1	ID1	6.21	5.36	-0.85	-0.30	4.32	8.23	1.14	10	2	2	8
ID3	ID3	5.19	4.87	-0.31	-0.22	4.32	6.16	0.62	9	2	5	5
HIF1A	HIF1A	11.87	11.71	-0.16	-0.25	10.55	12.76	0.57	8	1	8	3
TNFSF10	TNFSF10	10.76	10.18	-0.58	-0.11	8.72	12.33	1.13	9	3	1	8
NR2F6	NR2F6	6.03	6.07	0.04	0.00	5.48	6.45	0.30	5	0	11	1
TRAF1	TRAF1	10.29	10.80	0.50	0.00	9.07	12.19	0.93	3	9	0	3
NLRP3	NLRP3	5.54	5.85	0.31	0.22	4.32	6.69	0.65	3	6	5	1
TRAFD1	TRAFD1	10.12	9.74	-0.38	-0.11	9.06	11.17	0.68	9	3	1	8
PIK3CG	PIK3CG	10.71	10.66	-0.05	0.00	10.21	11.58	0.38	7	1	10	1
HIP1R	HIP1R	7.25	7.13	-0.12	0.00	6.38	7.88	0.42	8	2	8	2
ERCC3	ERCC3	7.38	7.44	0.06	0.33	7.17	7.60	0.13	3	0	12	0
CLC	CLC	5.39	5.02	-0.37	-0.40	4.32	6.36	0.53	10	1	6	5
MAP2K4	MAP2K4	8.32	8.32	0.00	0.00	8.02	8.68	0.21	6	0	12	0
MAPK13	MAPK13	7.66	7.81	0.15	0.12	6.90	8.50	0.48	4	3	8	1
CDH5	CDH5	4.32	4.32	0.00	0.00	4.32	4.32	0.00	0	0	12	0
SQSTM1	SQSTM1	11.12	11.12	-0.00	0.00	10.83	11.50	0.20	6	0	12	0
CCL8	CCL8	6.43	6.19	-0.24	0.00	4.32	9.09	1.59	7	4	2	6
IL1A	IL1A	6.86	6.62	-0.24	0.00	4.32	9.42	1.61	7	4	2	6
CCL3	CCL3	10.88	11.11	0.24	0.00	8.52	13.71	1.60	5	6	2	4
CCR3	CCR3	4.32	4.32	0.00	0.00	4.32	4.32	0.00	0	0	12	0
CCL2	CCL2	10.03	9.84	-0.19	0.00	6.94	11.81	1.37	7	4	3	5
ADAM8	ADAM8	9.32	9.20	-0.11	-0.12	8.66	9.85	0.37	8	1	9	2
CXCL8	CXCL8	13.78	13.15	-0.63	-0.22	11.83	15.08	1.20	9	3	1	8
TMUB2	TMUB2	7.15	7.06	-0.08	0.00	6.74	7.70	0.27	8	1	11	0
COL1A2	COL1A2	4.32	4.32	0.00	0.00	4.32	4.32	0.00	0	0	12	0
GPR183	GPR183	9.55	9.46	-0.09	0.00	8.36	10.25	0.63	7	4	5	3
SKI	SKI	9.90	9.71	-0.18	0.00	8.68	11.17	0.64	8	2	7	3
DNAJC14	DNAJC14	6.82	6.82	-0.00	0.00	6.44	7.25	0.21	6	0	12	0
COL14A1	COL14A1	5.04	4.61	-0.43	-0.20	4.32	5.94	0.51	10	1	3	8
ADAMTS1	ADAMTS1	6.85	6.98	0.12	0.00	5.50	8.50	0.88	5	5	4	3
ERCC_00144.1	ERCC_00144.1	3.73	3.73	-0.00	0.00	3.17	4.09	0.24	6	0	11	1
ENPP2	ENPP2	4.82	4.41	-0.42	0.00	4.32	5.32	0.28	11	0	12	0
ITGB2	ITGB2	10.39	10.46	0.07	0.00	9.34	11.41	0.50	5	2	9	1
LRP6	LRP6	4.66	4.55	-0.11	0.00	4.32	5.16	0.33	8	0	12	0
IL10RA	IL10RA	10.85	10.71	-0.14	0.00	10.20	11.40	0.42	8	2	7	3
PLAUR	PLAUR	6.65	6.65	0.00	0.00	6.01	7.51	0.38	6	1	10	1
ADAMTS4	ADAMTS4	5.51	4.98	-0.53	-0.30	4.32	6.47	0.67	10	2	3	7
ZNRF2	ZNRF2	10.09	10.00	-0.08	-0.12	9.68	10.40	0.26	8	0	12	0
HRAS	HRAS	6.87	6.91	0.04	0.14	6.33	7.36	0.30	5	0	11	1
TLR2	TLR2	7.62	7.53	-0.09	0.00	6.21	8.62	0.64	7	2	8	2
PTAFR	PTAFR	5.96	6.08	0.12	0.00	4.85	7.42	0.81	5	4	4	4
ID2	ID2	10.72	10.65	-0.07	0.00	9.97	11.39	0.45	7	2	8	2
ITGB7	ITGB7	9.28	9.07	-0.20	-0.12	8.07	10.34	0.66	8	2	6	4
KIF20A	KIF20A	4.88	4.52	-0.36	-0.10	4.32	5.72	0.42	10	1	2	9
IL15RA	IL15RA	5.12	4.90	-0.21	-0.12	4.32	5.97	0.64	8	2	4	6
EIF4EBP2	EIF4EBP2	9.10	9.22	0.12	0.22	8.70	9.68	0.25	3	1	11	0
IRF5	IRF5	6.78	7.00	0.22	0.22	6.29	7.79	0.45	3	2	10	0
FASN	FASN	6.06	6.74	0.68	0.20	4.32	7.88	0.90	2	9	2	1
CX3CL1	CX3CL1	4.32	4.32	0.00	0.00	4.32	4.32	0.00	0	0	12	0
JAG1	JAG1	5.21	5.21	-0.00	0.00	4.32	6.21	0.63	6	4	5	3
TNFRSF14	TNFRSF14	6.55	6.55	0.00	0.00	6.15	7.11	0.29	6	1	11	0
HPGD	HPGD	4.71	4.39	-0.32	0.00	4.32	5.09	0.21	11	0	12	0
MOK	MOK	4.81	4.88	0.07	0.00	4.32	5.58	0.47	5	3	9	0
FBP1	FBP1	7.40	7.59	0.19	0.00	5.99	9.58	1.22	5	7	0	5
HAVCR2	HAVCR2	9.72	10.04	0.32	0.12	8.15	11.79	1.13	4	5	4	3
SMAD2	SMAD2	9.90	9.99	0.09	0.11	9.64	10.21	0.18	3	0	12	0
PRRX1	PRRX1	5.17	4.68	-0.49	0.00	4.32	6.29	0.58	10	1	1	10
EPX	EPX	4.32	4.32	0.00	0.00	4.32	4.32	0.00	0	0	12	0
POLR2A	POLR2A	9.52	9.35	-0.17	-0.22	8.92	10.11	0.35	9	1	8	3
CCRL2	CCRL2	5.62	5.85	0.24	0.12	4.32	6.58	0.73	4	7	2	3
GUSB	GUSB	9.32	9.35	0.03	0.00	9.05	9.71	0.21	5	0	12	0
CTTNBP2	CTTNBP2	5.46	5.07	-0.39	-0.22	4.32	6.53	0.77	9	2	3	7
ADAM19	ADAM19	6.77	6.01	-0.76	0.00	4.32	8.42	1.45	9	3	0	9
TNFRSF9	TNFRSF9	7.55	8.70	1.14	0.11	4.32	11.21	2.11	3	9	0	3
CCL17	CCL17	4.65	4.43	-0.22	0.00	4.32	5.16	0.26	10	1	11	0
SIGLEC5	SIGLEC5	4.74	4.74	-0.00	0.00	4.32	5.29	0.32	6	1	11	0
CMA1	CMA1	4.72	4.48	-0.24	-0.20	4.32	5.09	0.27	10	0	12	0
IGF2	IGF2	4.32	4.32	0.00	0.00	4.32	4.32	0.00	0	0	12	0
LAMB3	LAMB3	4.83	4.83	-0.00	0.00	4.32	6.13	0.53	6	2	6	4
ABCF1	ABCF1	9.53	9.53	-0.00	0.00	8.98	10.02	0.33	6	0	11	1
ERCC_00112.1	ERCC_00112.1	14.24	14.24	-0.00	0.00	14.00	14.54	0.16	6	0	12	0
CYTIP	CYTIP	12.54	12.45	-0.08	0.00	11.86	13.39	0.52	7	3	7	2
TIGIT	TIGIT	9.14	9.30	0.16	0.12	8.23	10.26	0.57	4	4	6	2
CETP	CETP	4.95	4.79	-0.16	-0.25	4.32	5.67	0.50	8	2	5	5
LAMP3	LAMP3	8.70	8.29	-0.40	-0.33	7.12	9.74	0.83	9	3	3	6
SOCS3	SOCS3	7.11	7.40	0.30	0.12	5.00	9.35	1.07	4	4	6	2
CLDN1	CLDN1	4.32	4.32	0.00	0.00	4.32	4.32	0.00	0	0	12	0
RIPK2	RIPK2	8.53	8.61	0.08	0.00	7.71	9.30	0.51	5	2	8	2
ERCC_00041.1	ERCC_00041.1	3.95	3.83	-0.12	-0.12	3.00	4.46	0.42	8	1	9	2
CD84	CD84	7.66	7.28	-0.38	-0.22	6.39	8.73	0.75	9	3	3	6
NFIL3	NFIL3	9.05	9.58	0.53	0.20	8.15	10.69	0.68	2	8	2	2
FGFR1	FGFR1	6.51	6.74	0.23	0.14	4.32	9.15	1.55	5	5	2	5
MAPK11	MAPK11	5.29	5.52	0.23	0.12	4.32	6.77	0.76	4	5	4	3
PRPF38A	PRPF38A	10.38	10.45	0.07	0.00	10.18	10.74	0.15	3	0	12	0
CCL28	CCL28	7.90	7.97	0.07	0.00	7.39	8.59	0.46	5	3	8	1
CASP10	CASP10	8.84	9.11	0.27	0.40	8.23	9.55	0.36	2	4	7	1
TNFRSF1B	TNFRSF1B	9.45	9.58	0.13	0.12	8.77	10.37	0.43	4	2	9	1
TNF	TNF	10.15	9.75	-0.40	-0.12	7.88	11.88	1.26	8	4	1	7
DAGLB	DAGLB	7.59	7.70	0.11	0.12	7.09	8.28	0.37	4	2	10	0
DNAJB6	DNAJB6	11.73	11.66	-0.06	-0.12	11.35	12.07	0.22	8	0	12	0
RAD51	RAD51	5.52	5.07	-0.45	-0.33	4.32	6.71	0.88	9	3	3	6
IL15	IL15	6.35	6.26	-0.09	-0.14	5.49	7.28	0.62	7	2	6	4
CYR61	CYR61	5.02	4.66	-0.35	-0.20	4.32	5.90	0.47	10	1	5	6
CD83	CD83	9.59	10.08	0.49	0.11	8.20	11.42	0.96	3	8	1	3
MRPS5	MRPS5	9.65	9.61	-0.04	-0.25	9.46	9.86	0.12	8	0	12	0
PDZK1IP1	PDZK1IP1	4.41	4.34	-0.07	0.00	4.32	4.49	0.05	11	0	12	0
CCL24	CCL24	7.00	7.17	0.17	0.00	5.34	8.99	1.11	5	5	2	5
SERPINE1	SERPINE1	5.38	5.82	0.44	0.22	4.32	7.26	0.91	3	7	2	3
CD86	CD86	6.16	6.36	0.20	0.33	5.47	7.18	0.44	3	3	8	1
ZFP92	ZFP92	5.99	5.92	-0.07	-0.14	5.18	6.87	0.52	7	2	6	4
CREM	CREM	9.36	9.53	0.16	0.00	6.82	10.85	1.14	5	5	3	4
ACOD1	ACOD1	5.88	5.46	-0.42	-0.12	4.32	8.51	1.33	8	4	1	7
