ABCC8	4.86438079354261	11.1875355953052	4.36438079354261	5.36438079354261
ACAD10	7.20228230890631	13.5869061483293	6.70228230890631	7.70228230890631
ACOD1	5.87600373715834	10.7453220967591	5.37600373715834	6.37600373715834
ACOT1	4.32192809488736	0	3.82192809488736	4.82192809488736
ACOT11	4.3646404230137	0	3.8646404230137	4.8646404230137
ACOX1	8.0773680419822	6.26710880029687	7.5773680419822	8.5773680419822
ACTB	14.4875804135392	13.1915475618512	13.9875804135392	14.9875804135392
ADAM19	6.77447563500692	12.4018074477405	6.27447563500692	7.27447563500692
ADAM8	9.31575527897914	9.31508861287587	8.81575527897914	9.81575527897914
ADAMTS1	6.85228228516312	6.34840911889577	6.35228228516312	7.35228228516312
ADAMTS12	5.207986724857	9.39780276068284	4.707986724857	5.707986724857
ADAMTS14	4.62483694715198	112.171252010093	4.12483694715198	5.12483694715198
ADAMTS17	5.37683965560383	9.64618824740117	4.87683965560383	5.87683965560383
ADAMTS2	4.32192809488736	0	3.82192809488736	4.82192809488736
ADAMTS3	4.32192809488736	0	3.82192809488736	4.82192809488736
ADAMTS4	5.50541534362064	9.37202707930751	5.00541534362064	6.00541534362064
ADAMTS9	4.32192809488736	0	3.82192809488736	4.82192809488736
ADAMTS9-AS2	4.32192809488736	0	3.82192809488736	4.82192809488736
ADCYAP1R1	4.32192809488736	0	3.82192809488736	4.82192809488736
ADGRE1	4.78775101218496	24.8356958524621	4.28775101218496	5.28775101218496
ADGRE5	11.1533488344414	12.7453006820023	10.6533488344414	11.6533488344414
ADORA2A	5.62618044995939	7.30107531527292	5.12618044995939	6.12618044995939
ADORA3	5.41676705928533	15.8858187762251	4.91676705928533	5.91676705928533
AIF1	7.02901793672537	31.2955847147262	6.52901793672537	7.52901793672537
AKAP13	10.0166473095969	7.96655506908011	9.51664730959694	10.5166473095969
ALCAM	7.46675818160687	5.58184423133393	6.96675818160687	7.96675818160687
ALOX15	4.67730451551827	21.0744563290541	4.17730451551827	5.17730451551827
ALOX5	6.72244513462961	9.55570275448973	6.22244513462961	7.22244513462961
ANGPT1	5.37581166918764	8.78461944439912	4.87581166918764	5.87581166918764
ANGPT2	4.32192809488736	0	3.82192809488736	4.82192809488736
ANOS1	4.32192809488736	0	3.82192809488736	4.82192809488736
ANXA1	12.3722538112329	5.60646392519883	11.8722538112329	12.8722538112329
ANXA4	8.02117453426698	11.1276102983133	7.52117453426698	8.52117453426698
AOAH	11.2071997484183	5.59521945544123	10.7071997484183	11.7071997484183
APOE	5.51254365578883	6504.66702846963	5.01254365578883	6.01254365578883
AREG	5.09497309699242	20.7329828641885	4.59497309699242	5.59497309699242
ARF6	11.8463861476495	10.5879231270995	11.3463861476495	12.3463861476495
ARHGEF28	5.33877804077336	5.4979115516424	4.83877804077336	5.83877804077336
ARHGEF6	9.78664753166824	16.6207982580317	9.28664753166824	10.2866475316682
ATF3	8.28352032389733	5.82665451100029	7.78352032389733	8.78352032389733
B4GALT4	7.44621583148116	8.63181699945275	6.94621583148116	7.94621583148116
BATF	7.41543410751132	9.20517593805424	6.91543410751132	7.91543410751132
BATF3	6.24246539379181	9.66369162405397	5.74246539379181	6.74246539379181
BCL10	9.4290831808634	12.7095441542058	8.9290831808634	9.9290831808634
BCL2	8.4379932780528	4.95375582241013	7.9379932780528	8.9379932780528
BCL6	7.64783632862345	9.71115095093548	7.14783632862345	8.14783632862345
BID	9.35643486416891	7.56673712409296	8.85643486416891	9.85643486416891
BIRC2	10.0180159572054	12.1043893476675	9.51801595720543	10.5180159572054
BIRC3	11.1992268419837	11.2111327119814	10.6992268419837	11.6992268419837
BIRC5	6.35216797998319	11.3210230020583	5.85216797998319	6.85216797998319
BMP8A	5.02966551700351	7.6656847203076	4.52966551700351	5.52966551700351
BTG2	10.030294357818	5.47235172591089	9.53029435781795	10.530294357818
BTK	5.04662764082963	6.3047772369121	4.54662764082963	5.54662764082963
BTLA	5.49498969190488	3.76618823180192	4.99498969190488	5.99498969190488
C1QA	4.32192809488736	0	3.82192809488736	4.82192809488736
C1QB	5.24608577833716	15.5313556813713	4.74608577833716	5.74608577833716
C1QC	4.62966409903257	14.2362301337476	4.12966409903257	5.12966409903257
C3	5.57710929082844	9.52219857434238	5.07710929082844	6.07710929082844
C3AR1	7.21178657860886	5.81888006958544	6.71178657860886	7.71178657860886
C4A	4.66492811294985	9.71948664999922	4.16492811294985	5.16492811294985
C5	4.34604618771379	0	3.84604618771379	4.84604618771379
C5AR1	5.87621143551474	10.639689070035	5.37621143551474	6.37621143551474
CALR	12.7440097280662	8.63945523517545	12.2440097280662	13.2440097280662
CAMP	4.32192809488736	0	3.82192809488736	4.82192809488736
CASP10	8.83877744437027	5.60794534034397	8.33877744437027	9.33877744437027
CASP5	4.32192809488736	0	3.82192809488736	4.82192809488736
CASP7	7.73465046988767	7.31757359985689	7.23465046988767	8.23465046988767
CAV1	4.32192809488736	0	3.82192809488736	4.82192809488736
CBR1	7.15854771368333	5.69117560849964	6.65854771368333	7.65854771368333
CCL1	8.06900549411782	14.3163184544012	7.56900549411782	8.56900549411782
CCL11	4.90078384248966	5.31085066374716	4.40078384248966	5.40078384248966
CCL13	4.69709774857672	42.2956206028093	4.19709774857672	5.19709774857672
CCL17	4.65020031129556	27.2743986900242	4.15020031129556	5.15020031129556
CCL18	5.25528179556754	24.911373152378	4.75528179556754	5.75528179556754
CCL19	6.53152743081193	54.1196197719606	6.03152743081193	7.03152743081193
CCL2	10.0305898493358	5.62000668084137	9.5305898493358	10.5305898493358
CCL20	6.6455975642116	21.9634192110256	6.1455975642116	7.1455975642116
CCL22	8.60234972946688	6.60253189455911	8.10234972946688	9.10234972946688
CCL24	6.99829921869505	11.0518450758369	6.49829921869505	7.49829921869505
CCL28	7.89649834617479	14.2648655055726	7.39649834617479	8.39649834617479
CCL3	10.8763924687427	8.24431098313996	10.3763924687427	11.3763924687427
CCL4	12.9739524245779	14.8117980922603	12.4739524245779	13.4739524245779
CCL5	13.6674726841482	5.06751460298763	13.1674726841482	14.1674726841482
CCL7	5.192221077093	10.6606928762976	4.692221077093	5.692221077093
CCL8	6.42915859637669	10.8439719584144	5.92915859637669	6.92915859637669
CCNB2	6.10600931750927	14.1653129089099	5.60600931750927	6.60600931750927
CCR1	8.03738610757287	10.5367127568303	7.53738610757287	8.53738610757287
CCR2	6.01034456729202	7.70666814348475	5.51034456729202	6.51034456729202
CCR3	4.32192809488736	0	3.82192809488736	4.82192809488736
CCR5	7.90189856829392	9.70273937568616	7.40189856829392	8.40189856829392
CCR6	5.94888128688527	13.0204231714141	5.44888128688527	6.44888128688527
CCR7	7.93165255517503	9.36673533679427	7.43165255517503	8.43165255517503
CCR8	4.32192809488736	0	3.82192809488736	4.82192809488736
CCRL2	5.61752284468553	13.2388949388673	5.11752284468553	6.11752284468553
CD151	5.2656247859256	5.44342680677548	4.7656247859256	5.7656247859256
CD180	5.90161535195689	8.99326292709196	5.40161535195689	6.40161535195689
CD1A	5.2468546774632	10.345367372932	4.7468546774632	5.7468546774632
CD1B	4.7824366233122	9.8337599060309	4.2824366233122	5.2824366233122
CD1C	5.25763733704561	11.6115522393777	4.75763733704561	5.75763733704561
CD1E	4.87363448290928	6.13413916703937	4.37363448290928	5.37363448290928
CD209	4.9612045623501	6.51816970388654	4.4612045623501	5.4612045623501
CD244	7.44349378798666	10.3113489106566	6.94349378798666	7.94349378798666
CD247	10.5477730088107	5.19984074306592	10.0477730088107	11.0477730088107
CD27	6.1457678663717	7.22964778687831	5.6457678663717	6.6457678663717
CD274	7.55752957076258	14.8470359138026	7.05752957076258	8.05752957076258
CD276	5.50292953334137	12.0151116748796	5.00292953334137	6.00292953334137
CD28	6.69138952225008	11.3731941096071	6.19138952225008	7.19138952225008
CD34	4.32192809488736	0	3.82192809488736	4.82192809488736
CD38	9.40983865943885	14.3801994706118	8.90983865943885	9.90983865943885
CD40	6.28108691041515	5.29069096512125	5.78108691041515	6.78108691041515
CD40LG	6.74333935677779	5.77113931336717	6.24333935677779	7.24333935677779
CD44	12.0544243805281	18.0146857162365	11.5544243805281	12.5544243805281
CD69	10.5994488828666	6.85383934204636	10.0994488828666	11.0994488828666
CD70	6.49412837421165	4.54245921830647	5.99412837421165	6.99412837421165
CD74	11.6547027555323	5.50263927801693	11.1547027555323	12.1547027555323
CD80	5.92156538624573	9.49978923169645	5.42156538624573	6.42156538624573
CD83	9.58997650265624	8.79301534493084	9.08997650265624	10.0899765026562
CD84	7.65915006528662	8.63496028955317	7.15915006528662	8.15915006528662
CD86	6.15648914979469	4.10806623135624	5.65648914979469	6.65648914979469
CD99	9.85587763481623	4.94741590445195	9.35587763481623	10.3558776348162
CDC20	5.69415966000434	17.706746272635	5.19415966000434	6.19415966000434
CDH1	4.48862280923186	140.424870602005	3.98862280923186	4.98862280923186
CDH11	4.32192809488736	0	3.82192809488736	4.82192809488736
CDH13	4.65428640654898	38.0096853643511	4.15428640654898	5.15428640654898
CDH2	4.93673276969976	13.6494766545464	4.43673276969976	5.43673276969976
CDH4	4.75491562170656	14.310141080658	4.25491562170656	5.25491562170656
CDH5	4.32192809488736	0	3.82192809488736	4.82192809488736
CDKN1A	8.14398729160038	9.7445180709953	7.64398729160038	8.64398729160038
CEACAM1	4.95328226489455	1196.20298610344	4.45328226489455	5.45328226489455
CEACAM8	4.32192809488736	0	3.82192809488736	4.82192809488736
CEBPA	6.74698735567133	7.04658367988513	6.24698735567133	7.24698735567133
CEBPB	9.45717369592944	8.12738659563527	8.95717369592944	9.95717369592944
CEBPD	10.7591221791648	6.46111582736643	10.2591221791648	11.2591221791648
CEBPG	9.58262462647608	7.43784951332419	9.08262462647608	10.0826246264761
CETP	4.94916516209976	14.0218374445443	4.44916516209976	5.44916516209976
CLC	5.38856383944778	4.02601557397017	4.88856383944778	5.88856383944778
CLDN1	4.32192809488736	0	3.82192809488736	4.82192809488736
CLEC1B	4.32192809488736	0	3.82192809488736	4.82192809488736
CLEC5A	7.72228709689684	7.03488310882741	7.22228709689684	8.22228709689684
CLEC7A	6.42433501972917	6.92567213982992	5.92433501972917	6.92433501972917
CLEC9A	4.41855137797985	137.082144049338	3.91855137797985	4.91855137797985
CLIC4	7.37281016161149	7.7308247002287	6.87281016161149	7.87281016161149
CMA1	4.71915099140437	49.942153636045	4.21915099140437	5.21915099140437
CNKSR1	5.48411344259029	10.0229666671955	4.98411344259029	5.98411344259029
CNN2	10.2330210738056	7.15174944355669	9.7330210738056	10.7330210738056
COL10A1	4.4843333965976	0	3.9843333965976	4.9843333965976
COL11A1	5.04844859530592	9.27137225142641	4.54844859530592	5.54844859530592
COL12A1	4.4843333965976	0	3.9843333965976	4.9843333965976
COL14A1	5.0362839219152	22.4245383279772	4.5362839219152	5.5362839219152
COL15A1	4.58869266983174	27.3878282427627	4.08869266983174	5.08869266983174
COL17A1	4.32192809488736	0	3.82192809488736	4.82192809488736
COL1A2	4.32192809488736	0	3.82192809488736	4.82192809488736
COL3A1	5.21338756838819	8.40963702168582	4.71338756838819	5.71338756838819
COL4A1	4.77505175751766	41.4490731732076	4.27505175751766	5.27505175751766
COL4A2	5.15170466596504	15.4037004471867	4.65170466596504	5.65170466596504
CPA3	4.32192809488736	0	3.82192809488736	4.82192809488736
CRABP2	5.79596170045212	5.42558915329329	5.29596170045212	6.29596170045212
CREM	9.36436305117214	6.85505431276279	8.86436305117214	9.86436305117214
CRIP1	10.5527881787706	10.6850558664436	10.0527881787706	11.0527881787706
CSF1	7.2309835967995	11.6500985959095	6.7309835967995	7.7309835967995
CSF1R	4.85867525790075	157.501220569717	4.35867525790075	5.35867525790075
CSF2	7.0796976900753	7.19735592188262	6.5796976900753	7.5796976900753
CSF2RA	8.16115565064927	9.16668221691174	7.66115565064927	8.66115565064927
CSF3	4.32192809488736	0	3.82192809488736	4.82192809488736
CSF3R	4.9393439144466	29.9154505880861	4.4393439144466	5.4393439144466
CTGF	4.32192809488736	0	3.82192809488736	4.82192809488736
CTLA4	5.00366420827056	5.01565639908717	4.50366420827056	5.50366420827056
CTNNB1	11.2654745392723	9.85286840949149	10.7654745392723	11.7654745392723
CTSG	4.32192809488736	0	3.82192809488736	4.82192809488736
CTSL	7.9488647730882	5.78138645969496	7.4488647730882	8.4488647730882
CTSS	11.3886296772231	7.75238491853449	10.8886296772231	11.8886296772231
CTTNBP2	5.45848911101428	8.44474169400889	4.95848911101428	5.95848911101428
CX3CL1	4.32192809488736	0	3.82192809488736	4.82192809488736
CX3CR1	10.257351243849	8.40263558750612	9.75735124384904	10.757351243849
CXCL1	8.09783513651641	14.043476531614	7.59783513651641	8.59783513651641
CXCL10	7.73156007377488	6.87146147758279	7.23156007377488	8.23156007377488
CXCL11	5.2613061796954	20.2897309487641	4.7613061796954	5.7613061796954
CXCL13	4.32192809488736	0	3.82192809488736	4.82192809488736
CXCL16	6.96512871208731	4.12423043768918	6.46512871208731	7.46512871208731
CXCL2	8.0751953489382	6.39353357447026	7.5751953489382	8.5751953489382
CXCL3	8.44111562721234	8.0261312311487	7.94111562721234	8.94111562721234
CXCL5	6.88651243004325	8.11873497964872	6.38651243004325	7.38651243004325
CXCL6	4.32192809488736	0	3.82192809488736	4.82192809488736
CXCL8	13.7795222864854	12.4734826879397	13.2795222864854	14.2795222864854
CXCL9	6.90676272098535	9.72880193896117	6.40676272098535	7.40676272098535
CXCR2	6.75702586500855	3.98246692703265	6.25702586500855	7.25702586500855
CXCR3	8.93832291385762	4.55285146749241	8.43832291385762	9.43832291385762
CXCR4	12.1447343984184	15.545916489385	11.6447343984184	12.6447343984184
CYBB	8.89260109612646	27.0635348491344	8.39260109612646	9.39260109612646
CYP1B1	8.5339803957498	4.82679417907528	8.0339803957498	9.0339803957498
CYP3A4	4.32192809488736	0	3.82192809488736	4.82192809488736
CYR61	5.01717722880882	6.76653817482806	4.51717722880882	5.51717722880882
CYSLTR1	7.41750857744373	8.57378304499175	6.91750857744373	7.91750857744373
CYTIP	12.5357294379277	13.7171449617384	12.0357294379277	13.0357294379277
DAGLB	7.5854863209161	9.70345828313374	7.0854863209161	8.0854863209161
DAXX	9.4749716613086	4.99773689047576	8.9749716613086	9.9749716613086
DDR2	4.88829285832168	29.8667563064808	4.38829285832168	5.38829285832168
DES	4.32192809488736	0	3.82192809488736	4.82192809488736
DNAJB6	11.7269806684896	6.24982484796507	11.2269806684896	12.2269806684896
DPP4	6.76260863891752	23.0566055304669	6.26260863891752	7.26260863891752
DUSP1	10.4213749335037	11.4360653577319	9.92137493350369	10.9213749335037
DUSP2	8.51537861104189	13.2405461844337	8.01537861104189	9.01537861104189
DUSP6	8.63809511693447	12.8517760802944	8.13809511693447	9.13809511693447
EDN	4.99537557692559	9.0942190329802	4.49537557692559	5.49537557692559
EEF1A1	15.6116961573358	17.467544546809	15.1116961573358	16.1116961573358
EGF	4.32192809488736	0	3.82192809488736	4.82192809488736
EGR2	7.97944785014253	5.04895975411159	7.47944785014253	8.47944785014253
EGR3	7.27972643496653	5.36739713494105	6.77972643496653	7.77972643496653
EIF4EBP2	9.10424186774454	6.00841621103878	8.60424186774454	9.60424186774454
ELANE	5.388306912524	9.38263470824925	4.888306912524	5.888306912524
ELL2	8.52661133706683	11.4071908426131	8.02661133706683	9.02661133706683
ELOVL6	8.41904683346023	28.2996789888767	7.91904683346023	8.91904683346023
EMP1	7.99232729803449	5.03192027555735	7.49232729803449	8.49232729803449
EN1	4.71192583741437	21.1010583055358	4.21192583741437	5.21192583741437
ENC1	7.43720974775293	6.32118287662453	6.93720974775293	7.93720974775293
ENPEP	4.66702488379979	0	4.16702488379979	5.16702488379979
ENPP2	4.82174773546138	0	4.32174773546138	5.32174773546138
EPHB6	4.87394919956767	16.9715339416824	4.37394919956767	5.37394919956767
EPX	4.32192809488736	0	3.82192809488736	4.82192809488736
ERCC1	7.17858654577382	6.31328327694869	6.67858654577382	7.67858654577382
ERG	4.32192809488736	0	3.82192809488736	4.82192809488736
ETS1	11.2693416975279	8.61275367040717	10.7693416975279	11.7693416975279
F11R	8.74128895192903	9.37202181099119	8.24128895192903	9.24128895192903
FABP4	4.42691196745304	42.8117895263524	3.92691196745304	4.92691196745304
FADD	4.53678815756102	13.0311138440676	4.03678815756102	5.03678815756102
FAF1	9.05636518470789	3.83725084085934	8.55636518470789	9.55636518470789
FAS	8.5185155511911	14.8427252234626	8.0185155511911	9.0185155511911
FASN	6.05812961477219	6.98089619926192	5.55812961477219	6.55812961477219
FBP1	7.40144860517391	20.1573449674069	6.90144860517391	7.90144860517391
FBXL7	4.72858322403041	29.9519163582248	4.22858322403041	5.22858322403041
FCAR	5.18280912605061	5.92825078534531	4.68280912605061	5.68280912605061
FCER1A	5.77502760969965	41.7293647554489	5.27502760969965	6.27502760969965
FCER2	4.75283771882517	12.6701701638513	4.25283771882517	5.25283771882517
FCGR1A	5.37832392470115	52.3205033899794	4.87832392470115	5.87832392470115
FCGR2A	7.5250269532078	8.33597079151266	7.0250269532078	8.0250269532078
FCGR2B	7.05985531275564	7.80017401396837	6.55985531275564	7.55985531275564
FCGR3A	11.3324463360482	10.1747975993939	10.8324463360482	11.8324463360482
FCN1	6.62183771634958	13.7119695887803	6.12183771634958	7.12183771634958
FGF10	4.32192809488736	0	3.82192809488736	4.82192809488736
FGF18	4.32192809488736	0	3.82192809488736	4.82192809488736
FGF2	4.32192809488736	0	3.82192809488736	4.82192809488736
FGF7	5.04936076517641	6.98737185178724	4.54936076517641	5.54936076517641
FGFR1	6.51004503411548	8.3975243324851	6.01004503411548	7.01004503411548
FLNB	7.28129061275658	10.029126729856	6.78129061275658	7.78129061275658
FLRT2	4.37308919048571	0	3.87308919048571	4.87308919048571
FLT1	6.32952915268607	11.3448660483367	5.82952915268607	6.82952915268607
FLT3	5.29153559574676	9.6598430072605	4.79153559574676	5.79153559574676
FN1	6.68157389786116	197.700179721795	6.18157389786116	7.18157389786116
FOSB	6.59135186966593	13.407088983412	6.09135186966593	7.09135186966593
FOSL1	5.35439065940518	10.7494293171929	4.85439065940518	5.85439065940518
FPR1	4.80680265903169	0	4.30680265903169	5.30680265903169
FPR2	4.51945949464615	0	4.01945949464615	5.01945949464615
FPR3	6.99164787849424	12.0918638284299	6.49164787849424	7.49164787849424
FSCN1	7.11474888654237	6.66163384738839	6.61474888654237	7.61474888654237
FURIN	9.44271245091668	19.7034175046057	8.94271245091668	9.94271245091668
FUT4	6.9235877530571	5.67369049979993	6.4235877530571	7.4235877530571
FYN	11.8383555350796	10.4753635778177	11.3383555350796	12.3383555350796
FZD4	4.40881162875572	0	3.90881162875572	4.90881162875572
FZD6	5.32843001379786	6.11870030297233	4.82843001379786	5.82843001379786
FZD9	4.32192809488736	0	3.82192809488736	4.82192809488736
GADD45B	9.71592693145618	9.48266381379364	9.21592693145618	10.2159269314562
GATA1	4.32192809488736	0	3.82192809488736	4.82192809488736
GATA2	4.32192809488736	0	3.82192809488736	4.82192809488736
GATA3	9.65626793037476	5.00891883696906	9.15626793037476	10.1562679303748
GATA6	4.50253154000673	0	4.00253154000673	5.00253154000673
GCH1	10.1298929450577	16.5257056808624	9.62989294505767	10.6298929450577
GEM	6.33833830563785	5.21272548650905	5.83833830563785	6.83833830563785
GLG1	10.3742211161211	5.73288406705779	9.87422111612111	10.8742211161211
GNAI3	9.17503751332933	5.08419834119544	8.67503751332933	9.67503751332933
GPR183	9.55210709407603	8.70752042624843	9.05210709407603	10.052107094076
GPR65	8.05562503184656	6.29994888798861	7.55562503184656	8.55562503184656
GRN	8.4417588916994	19.761776754776	7.9417588916994	8.9417588916994
GSN	7.89751046304431	11.3484837348815	7.39751046304431	8.39751046304431
GTF2H2	9.22995048728189	5.3888023491325	8.72995048728189	9.72995048728189
GZMA	13.3950857884453	19.0511505907248	12.8950857884453	13.8950857884453
HAVCR1	7.39133930573161	9.28519415654377	6.89133930573161	7.89133930573161
HAVCR2	9.72081279833122	5.02088789381955	9.22081279833122	10.2208127983312
HBEGF	4.83431678934613	6.86284071558595	4.33431678934613	5.33431678934613
HDAC5	7.01626220869462	23.3977567466626	6.51626220869462	7.51626220869462
HDAC6	7.41578481559068	10.0695327591939	6.91578481559068	7.91578481559068
HDC	5.10349680932217	17.6864497222582	4.60349680932217	5.60349680932217
HES1	5.53215409164456	21.8690916330493	5.03215409164456	6.03215409164456
HGF	4.80680265903169	0	4.30680265903169	5.30680265903169
HIF1A	11.8657415353226	4.34943768975738	11.3657415353226	12.3657415353226
HIP1R	7.25388028254642	4.79329429334929	6.75388028254642	7.75388028254642
HIST1H1C	12.2884621749737	12.4980989045145	11.7884621749737	12.7884621749737
HIST2H2AA3	9.44742317416738	7.20870093936169	8.94742317416738	9.94742317416738
HIVEP1	8.7776734626095	7.87410075136145	8.2776734626095	9.2776734626095
HLA-DMA	8.20603221441199	10.274065219823	7.70603221441199	8.70603221441199
HLA-DQB1	7.13707943712112	4.50129029319632	6.63707943712112	7.63707943712112
HMGB1	8.82963360833841	6.60206948177637	8.32963360833841	9.32963360833841
HNF1B	5.57629498860166	7.03917464331207	5.07629498860166	6.07629498860166
HOXD4	4.32192809488736	0	3.82192809488736	4.82192809488736
HPGD	4.70596731239559	0	4.20596731239559	5.20596731239559
HPGDS	4.580691930056	0	4.080691930056	5.080691930056
HRAS	6.86544270334791	4.62060560717611	6.36544270334791	7.36544270334791
HSPG2	4.32192809488736	0	3.82192809488736	4.82192809488736
ICAM1	8.55962327894824	8.03098229487644	8.05962327894824	9.05962327894824
ICOS	8.09855243807053	6.4727374921248	7.59855243807053	8.59855243807053
ICOSLG	6.21265141179613	6.62874372417911	5.71265141179613	6.71265141179613
ID1	6.21269250025965	6.11562408781437	5.71269250025965	6.71269250025965
ID2	10.7207259397004	11.3896436383185	10.2207259397004	11.2207259397004
ID3	5.18802723177018	8.99861017251738	4.68802723177018	5.68802723177018
IDO1	9.2401137039583	10.440586447762	8.7401137039583	9.7401137039583
IDO2	4.32192809488736	0	3.82192809488736	4.82192809488736
IER3	8.03574108112395	4.7273754546322	7.53574108112395	8.53574108112395
IFIT1	6.86116509623495	7.6653549409501	6.36116509623495	7.36116509623495
IFNA2	4.32192809488736	0	3.82192809488736	4.82192809488736
IFNG	12.0455891552632	13.1811619893584	11.5455891552632	12.5455891552632
IFNGR1	10.6430204125048	7.8759324387457	10.1430204125048	11.1430204125048
IGF1	4.33266795859259	0	3.83266795859259	4.83266795859259
IGF2	4.32192809488736	0	3.82192809488736	4.82192809488736
IKBKE	7.37424133853533	4.56539161703006	6.87424133853533	7.87424133853533
IKZF1	10.911487584764	6.83996255091438	10.411487584764	11.411487584764
IL10	5.33055863215919	27.2038849118646	4.83055863215919	5.83055863215919
IL10RA	10.8518838169782	21.0378002134018	10.3518838169782	11.3518838169782
IL12A	5.29569446513211	7.42693194938169	4.79569446513211	5.79569446513211
IL12B	5.6809382700606	270.499746122712	5.1809382700606	6.1809382700606
IL15	6.34875714458714	9.84789930381724	5.84875714458714	6.84875714458714
IL15RA	5.11563465937865	18.8923336167756	4.61563465937865	5.61563465937865
IL17RA	8.25428114169422	8.34239405456948	7.75428114169422	8.75428114169422
IL18	5.8990177153279	5.04633693338129	5.3990177153279	6.3990177153279
IL18R1	9.59709769838625	4.54013106130772	9.09709769838625	10.0970976983862
IL1A	6.85824274429927	7.95599539264532	6.35824274429927	7.35824274429927
IL1B	10.0146396548135	12.0123095387755	9.51463965481345	10.5146396548135
IL1R1	4.95737886883788	5.61384174895707	4.45737886883788	5.45737886883788
IL1RL1	5.21537612706059	36.3465906257876	4.71537612706059	5.71537612706059
IL1RN	5.4105610133401	9.59314945874639	4.9105610133401	5.9105610133401
IL2	4.62443817141857	0	4.12443817141857	5.12443817141857
IL21R	8.56070776646816	8.6978722045471	8.06070776646816	9.06070776646816
IL22	6.35494507286408	61.0599742892874	5.85494507286408	6.85494507286408
IL23A	6.55425593781855	5.18517063656971	6.05425593781855	7.05425593781855
IL25	4.32192809488736	0	3.82192809488736	4.82192809488736
IL27	5.29423841640891	6.58449153691739	4.79423841640891	5.79423841640891
IL27RA	8.03325792154171	17.8881030162508	7.53325792154171	8.53325792154171
IL3	6.28969412579572	7.16388531125871	5.78969412579572	6.78969412579572
IL33	5.76801848945214	5.52587808397886	5.26801848945214	6.26801848945214
IL3RA	6.52346720684445	5.10014652583074	6.02346720684445	7.02346720684445
IL4	4.72989693134982	10.8782548296773	4.22989693134982	5.22989693134982
IL4I1	7.84434524283079	3.92885274722067	7.34434524283079	8.34434524283079
IL4R	8.5730574825853	13.5770233503096	8.0730574825853	9.0730574825853
IL5	4.45314467370304	0	3.95314467370304	4.95314467370304
IL5RA	4.599058498188	15.4801631366955	4.099058498188	5.099058498188
IL6	7.44264656418299	30.8983044120443	6.94264656418299	7.94264656418299
IL6R	5.92716872856899	4.42952201648299	5.42716872856899	6.42716872856899
IL9	4.32192809488736	0	3.82192809488736	4.82192809488736
INSIG1	10.5463321206113	9.93991093925079	10.0463321206113	11.0463321206113
INSR	4.32192809488736	0	3.82192809488736	4.82192809488736
IRF1	10.1989896417892	6.85694047781438	9.69898964178915	10.6989896417892
IRF2	9.29463889658242	7.34073670767511	8.79463889658242	9.79463889658242
IRF4	8.85313283103841	12.4120865583313	8.35313283103841	9.35313283103841
IRF5	6.78174247985676	7.12984256920746	6.28174247985676	7.28174247985676
IRF8	8.64889572657645	13.3558105694664	8.14889572657645	9.14889572657645
ISG15	8.74125685841787	8.97820483763443	8.24125685841787	9.24125685841787
ITGA4	8.94333441310448	5.46488283120513	8.44333441310448	9.44333441310448
ITGA5	10.0155834001142	5.90532273568724	9.51558340011425	10.5155834001142
ITGAL	12.1278527189136	20.6725701823242	11.6278527189136	12.6278527189136
ITGAM	8.39523278044961	5.25287125782437	7.89523278044961	8.89523278044961
ITGAX	9.79869587124028	9.41591762988556	9.29869587124028	10.2986958712403
ITGB1	11.7272292645179	8.43418945388138	11.2272292645179	12.2272292645179
ITGB2	10.3889703976709	4.7174222692747	9.88897039767092	10.8889703976709
ITGB7	9.27575963869033	8.29432814417245	8.77575963869033	9.77575963869033
JAG1	5.20635402908322	10.0155856719273	4.70635402908322	5.70635402908322
JAK3	8.69002622209914	9.20071412703513	8.19002622209914	9.19002622209914
JAML	9.4433132235043	6.27143053377037	8.9433132235043	9.9433132235043
JUN	9.04527952764785	8.31446026268007	8.54527952764785	9.54527952764785
KALRN	4.54332263941494	59.310661580235	4.04332263941494	5.04332263941494
KCNAB1	4.32192809488736	0	3.82192809488736	4.82192809488736
KIAA0101	5.53061914062609	10.2763430787897	5.03061914062609	6.03061914062609
KIF20A	4.88017735869362	21.5112207495017	4.38017735869362	5.38017735869362
KIT	6.3037490109024	6.65798481016167	5.8037490109024	6.8037490109024
KITLG	5.07171379384488	8.56278705652071	4.57171379384488	5.57171379384488
KLF10	9.29271949661977	9.0435111693222	8.79271949661977	9.79271949661977
KLK3	4.32192809488736	0	3.82192809488736	4.82192809488736
KLRK1	12.281224979563	6.33198022155616	11.781224979563	12.781224979563
KRBA1	4.59729842029824	28.0001851774411	4.09729842029824	5.09729842029824
LAG3	8.97581525382626	16.1899135696677	8.47581525382626	9.47581525382626
LAMB2	4.32192809488736	0	3.82192809488736	4.82192809488736
LAMB3	4.83230213086708	5.71036099025047	4.33230213086708	5.33230213086708
LAMP3	8.69630063486626	6.12554823929118	8.19630063486626	9.19630063486626
LAPTM5	11.9670962813705	5.94576359542883	11.4670962813705	12.4670962813705
LAT	8.90621808726955	10.0208416203871	8.40621808726955	9.40621808726955
LAT2	9.32659567734892	5.77088894639806	8.82659567734892	9.82659567734892
LDLR	6.63131316204442	15.9188238451244	6.13131316204442	7.13131316204442
LGALS3	9.90249895986754	7.615922153993	9.40249895986754	10.4024989598675
LIF	7.97374435876701	8.42567036917119	7.47374435876701	8.47374435876701
LIPA	9.89599285998954	16.3418912579811	9.39599285998954	10.3959928599895
LOXL2	5.50409207434077	5.01006844298928	5.00409207434077	6.00409207434077
LPL	5.48117268553224	11.1836191941283	4.98117268553224	5.98117268553224
LRP5	4.76222459431272	17.5375519661231	4.26222459431272	5.26222459431272
LRP6	4.66112134035173	24.2900239161332	4.16112134035173	5.16112134035173
LST1	6.99657061506292	4.87585833542986	6.49657061506292	7.49657061506292
LTA	9.645415605552	29.0994890700048	9.145415605552	10.145415605552
LTA4H	9.42089917731142	6.8880221960102	8.92089917731142	9.92089917731142
LTB	10.4548546083632	8.12028441639249	9.95485460836323	10.9548546083632
LTB4R	6.57628664221329	10.0325198999273	6.07628664221329	7.07628664221329
LTB4R2	7.61911732719405	6.59131494699948	7.11911732719405	8.11911732719405
MAFF	7.33905174158916	21.1225338404348	6.83905174158916	7.83905174158916
MALT1	9.78828900489798	9.1371952660006	9.28828900489798	10.288289004898
MAN2B1	8.04483506779288	8.14190069692065	7.54483506779288	8.54483506779288
MAP2K1	9.88157430859528	7.13294807777786	9.38157430859528	10.3815743085953
MAP2K2	9.24740283147747	8.54345844325604	8.74740283147747	9.74740283147747
MAP2K3	9.53547615139671	14.3917107235606	9.03547615139671	10.0354761513967
MAP2K4	8.31832281614985	8.05995278038871	7.81832281614985	8.81832281614985
MAP3K14	7.79771725521045	8.70039876753922	7.29771725521045	8.29771725521045
MAP3K4	8.77685220742178	11.1086510637778	8.27685220742178	9.27685220742178
MAPK11	5.2908286008269	7.90033336341802	4.7908286008269	5.7908286008269
MAPK12	4.32192809488736	0	3.82192809488736	4.82192809488736
MAPK13	7.6617503003239	8.2863035175159	7.1617503003239	8.1617503003239
MAPK14	10.0942876631027	10.7591404699775	9.59428766310273	10.5942876631027
MARCKSL1	8.07315144601759	8.6277346634589	7.57315144601759	8.57315144601759
MARCO	4.67046154484405	14.5218765012668	4.17046154484405	5.17046154484405
MERTK	5.98118700792587	79.3954469556335	5.48118700792587	6.48118700792587
MET	4.79904099464785	17.8632221624576	4.29904099464785	5.29904099464785
MIF	10.2646160686916	7.03460776695071	9.76461606869159	10.7646160686916
MMP1	5.55267235535186	12.4227892387006	5.05267235535186	6.05267235535186
MMP12	4.69780477888039	18.9263743188092	4.19780477888039	5.19780477888039
MMP13	4.32192809488736	0	3.82192809488736	4.82192809488736
MMP19	6.28499532496879	12.067916199374	5.78499532496879	6.78499532496879
MMP8	4.32192809488736	0	3.82192809488736	4.82192809488736
MMP9	7.77211680713423	5.61089616294892	7.27211680713423	8.27211680713423
MOK	4.81219706350246	12.1363130193982	4.31219706350246	5.31219706350246
MPEG1	7.40443146328059	16.022420768732	6.90443146328059	7.90443146328059
MPO	5.30569543175388	34.0762762272526	4.80569543175388	5.80569543175388
MRC1	6.58936479385071	8.35001449332566	6.08936479385071	7.08936479385071
MRC2	5.39017751486417	31.0183651200911	4.89017751486417	5.89017751486417
MS4A1	5.94013905244332	13.3704165913805	5.44013905244332	6.44013905244332
MSC	6.59558696874056	8.1749398815497	6.09558696874056	7.09558696874056
MSH2	7.91719566657444	8.33828193556863	7.41719566657444	8.41719566657444
MX1	10.1483857891496	10.9273053192221	9.64838578914956	10.6483857891496
MX2	8.36231071126863	8.39287964907533	7.86231071126863	8.86231071126863
MYC	8.04641465760501	4.95097616742728	7.54641465760501	8.54641465760501
MYD88	8.99078139607806	5.53845809678719	8.49078139607806	9.49078139607806
MYH4	4.32192809488736	0	3.82192809488736	4.82192809488736
MYOD1	4.97430689182025	14.5403317321119	4.47430689182025	5.47430689182025
NAMPT	10.107152871011	8.49700475983554	9.60715287101095	10.607152871011
NCF2	7.63112278230928	6.23261743266731	7.13112278230928	8.13112278230928
NCOR1	10.8967860097552	6.50687943281132	10.3967860097552	11.3967860097552
NDC80	5.18149651371947	15.247901208328	4.68149651371947	5.68149651371947
NDUFA7	8.75844015546391	4.68825898464339	8.25844015546391	9.25844015546391
NFATC1	7.35337588739426	7.12831540573324	6.85337588739426	7.85337588739426
NFATC2	10.8843462601259	9.37692364553246	10.3843462601259	11.3843462601259
NFIL3	9.05006013399611	8.5776607235934	8.55006013399611	9.55006013399611
NFKB1	9.04861037706996	15.2664377289343	8.54861037706996	9.54861037706996
NFKBIA	12.503522715854	8.78222604795633	12.003522715854	13.003522715854
NFKBIE	8.67858451806591	5.61526683002889	8.17858451806591	9.17858451806591
NFKBIZ	10.002060885841	6.70756924289546	9.50206088584099	10.502060885841
NFYC	8.13793370885264	9.15410719077715	7.63793370885264	8.63793370885264
NGF	4.3952557059471	0	3.8952557059471	4.8952557059471
NKG7	13.6560102790069	6.77381216139694	13.1560102790069	14.1560102790069
NLRP3	5.53753432037746	6.41986901004578	5.03753432037746	6.03753432037746
NMB	6.25402363220134	7.14903201718302	5.75402363220134	6.75402363220134
NOD1	7.31070017625316	5.95256915380881	6.81070017625316	7.81070017625316
NOD2	6.26031365109181	5.69702174573446	5.76031365109181	6.76031365109181
NOS2	4.72753877267277	16.2464023482697	4.22753877267277	5.22753877267277
NOX1	4.32192809488736	0	3.82192809488736	4.82192809488736
NOX3	4.32192809488736	0	3.82192809488736	4.82192809488736
NOX4	4.55765190307606	0	4.05765190307606	5.05765190307606
NR1H3	4.72779720280641	16.4677357474055	4.22779720280641	5.22779720280641
NR2F6	6.02776158636043	7.05265198723501	5.52776158636043	6.52776158636043
NR4A2	8.17238367711538	6.2322576667984	7.67238367711538	8.67238367711538
NRIP3	5.13565491223707	16.4834613725861	4.63565491223707	5.63565491223707
OLR1	5.62642378417538	17.0808164309886	5.12642378417538	6.12642378417538
OSM	5.23193323454757	11.4947144964948	4.73193323454757	5.73193323454757
P2RX1	4.32192809488736	0	3.82192809488736	4.82192809488736
PBX1	4.79885084725589	38.3967372822338	4.29885084725589	5.29885084725589
PBX3	6.01732207283587	5.84697896695489	5.51732207283587	6.51732207283587
PDCD1	5.17688165640424	10.2488822684585	4.67688165640424	5.67688165640424
PDCD1LG2	4.72726132306073	22.6478070360673	4.22726132306073	5.22726132306073
PDE4A	8.39899698982752	5.74348481091075	7.89899698982752	8.89899698982752
PDGFA	5.03144542463892	12.1854664368653	4.53144542463892	5.53144542463892
PDGFB	4.32192809488736	0	3.82192809488736	4.82192809488736
PDGFRA	4.32192809488736	0	3.82192809488736	4.82192809488736
PDZK1IP1	4.40624911266678	0	3.90624911266678	4.90624911266678
PELI1	8.75281431161472	7.01368981807648	8.25281431161472	9.25281431161472
PF4	4.32192809488736	0	3.82192809488736	4.82192809488736
PFDN6	9.10036113050176	5.72481934904526	8.60036113050176	9.60036113050176
PGGT1B	8.62420773679395	7.989084225079	8.12420773679395	9.12420773679395
PGLYRP1	4.77460354467784	0	4.27460354467784	5.27460354467784
PHLDA2	4.67079678173757	16.9868908884573	4.17079678173757	5.17079678173757
PIK3CG	10.7103486576659	6.88765568158875	10.2103486576659	11.2103486576659
PIM2	9.39949403985704	9.03203918129	8.89949403985704	9.89949403985704
PLAU	7.8598905778296	8.92760564137844	7.3598905778296	8.3598905778296
PLAUR	6.64764466624958	4.9414034339708	6.14764466624958	7.14764466624958
PPARG	5.28974046042786	20.5584104235534	4.78974046042786	5.78974046042786
PRG2	4.93131037636916	16.3352809962713	4.43131037636916	5.43131037636916
PRG3	4.32192809488736	0	3.82192809488736	4.82192809488736
PRKCA	7.52478823302957	4.94999630376984	7.02478823302957	8.02478823302957
PRKCI	7.35142870485873	4.23022934330698	6.85142870485873	7.85142870485873
PROK2	6.43235371406364	43.0461716445165	5.93235371406364	6.93235371406364
PROS1	5.85419538744391	5.16902053165676	5.35419538744391	6.35419538744391
PRRX1	5.17192905706118	22.1271263499668	4.67192905706118	5.67192905706118
PSMB8	11.1837881324561	13.7302806396946	10.6837881324561	11.6837881324561
PSMB9	11.3892426489297	9.2851379386013	10.8892426489297	11.8892426489297
PSME2	11.3012842351684	13.83010602041	10.8012842351684	11.8012842351684
PTAFR	5.9598299135558	6.84107619230966	5.4598299135558	6.4598299135558
PTGDR	6.96391103676759	4.96151682540838	6.46391103676759	7.46391103676759
PTGDR2	4.74200063688822	11.9797362256853	4.24200063688822	5.24200063688822
PTGDS	7.01326814148693	6.50572290880932	6.51326814148693	7.51326814148693
PTGER2	10.7383045530797	5.70866944438485	10.2383045530797	11.2383045530797
PTGS1	5.28408351700596	20.4709892672673	4.78408351700596	5.78408351700596
PTGS2	5.83919033148469	6.93834297228938	5.33919033148469	6.33919033148469
PTPN14	4.32192809488736	0	3.82192809488736	4.82192809488736
PTPRB	6.21636270716243	6.04124748365684	5.71636270716243	6.71636270716243
PTPRC	11.2145574291603	5.69589610795106	10.7145574291603	11.7145574291603
PTPRK	5.02671614416909	12.5788634815868	4.52671614416909	5.52671614416909
PTX3	4.74317772730095	20.8895127559258	4.24317772730095	5.24317772730095
RAB20	6.77039341232315	10.1717388891825	6.27039341232315	7.27039341232315
RAB3D	6.59743732923989	9.67563581503656	6.09743732923989	7.09743732923989
RAD51	5.52333244668275	10.3911171995957	5.02333244668275	6.02333244668275
RAF1	9.780316923043	10.9857359965878	9.280316923043	10.280316923043
RAPGEF4	4.32192809488736	0	3.82192809488736	4.82192809488736
RASAL1	6.36609005746726	4.73314236890457	5.86609005746726	6.86609005746726
RASGRF2	5.26406776196956	4.86755873132287	4.76406776196956	5.76406776196956
RETNLB	4.86278762074264	18.3526462048888	4.36278762074264	5.36278762074264
RGS1	8.40823600819658	10.4938168854603	7.90823600819658	8.90823600819658
RGS6	5.09666285146404	8.29406975494434	4.59666285146404	5.59666285146404
RHOC	8.92481204885591	9.73234825548229	8.42481204885591	9.42481204885591
RHOG	9.09637753205222	5.12978571423326	8.59637753205222	9.59637753205222
RHOJ	4.32192809488736	0	3.82192809488736	4.82192809488736
RICTOR	9.53423824167752	6.00647289085741	9.03423824167752	10.0342382416775
RIPK2	8.52828507262137	18.6615433416326	8.02828507262137	9.02828507262137
RNASE2	4.32192809488736	0	3.82192809488736	4.82192809488736
RNASE3	4.32192809488736	0	3.82192809488736	4.82192809488736
RND3	4.32192809488736	0	3.82192809488736	4.82192809488736
ROS1	4.53412043065641	0	4.03412043065641	5.03412043065641
RUNX2	4.87409630131433	24.8788089464927	4.37409630131433	5.37409630131433
S100A10	10.1090917253224	10.2478142200899	9.60909172532243	10.6090917253224
S100A4	11.3053586787825	6.05938859435071	10.8053586787825	11.8053586787825
S100A8	7.67627301401248	8.16121472573804	7.17627301401248	8.17627301401248
S100A9	9.03960220880114	6.72521346025647	8.53960220880114	9.53960220880114
S1PR1	7.31689785463036	7.54147072036136	6.81689785463036	7.81689785463036
SAA1	4.32192809488736	0	3.82192809488736	4.82192809488736
SCIN	5.01245858450692	110.11397795067	4.51245858450692	5.51245858450692
SELE	4.32192809488736	0	3.82192809488736	4.82192809488736
SELL	8.2908584810148	5.06066850845012	7.7908584810148	8.7908584810148
SELP	4.32192809488736	0	3.82192809488736	4.82192809488736
SELPLG	6.77487616278867	3.82469882489695	6.27487616278867	7.27487616278867
SEMA4A	5.2154545490854	7.16655965094561	4.7154545490854	5.7154545490854
SEMA4B	5.1376843227869	6.22893547728715	4.6376843227869	5.6376843227869
SEMA5A	4.32192809488736	0	3.82192809488736	4.82192809488736
SEMA6D	4.32192809488736	0	3.82192809488736	4.82192809488736
SERPINB2	8.98934277220329	7.07726777416512	8.48934277220329	9.48934277220329
SERPINB9	10.7651727828046	6.2141744505966	10.2651727828046	11.2651727828046
SERPINE1	5.37608789820132	6.17629942478506	4.87608789820132	5.87608789820132
SERPINE3	5.20903882783804	6.13921559759662	4.70903882783804	5.70903882783804
SFRP4	4.32192809488736	0	3.82192809488736	4.82192809488736
SGPP1	8.53918905520545	11.7351087660346	8.03918905520545	9.03918905520545
SIGLEC1	5.78311472877494	6.55895423482827	5.28311472877494	6.28311472877494
SIGLEC5	4.73663619651579	9.65929389815743	4.23663619651579	5.23663619651579
SIRPA	7.6501185307107	12.0257524064968	7.1501185307107	8.1501185307107
SKI	9.89653506066744	5.03700573233127	9.39653506066744	10.3965350606674
SKIL	9.99588921613945	8.73080993684132	9.49588921613945	10.4958892161394
SLC16A6	8.15156860014752	7.45006766838155	7.65156860014752	8.65156860014752
SMAD1	4.98546068407874	9.03363176007198	4.48546068407874	5.48546068407874
SMAD2	9.8985430057624	13.0337131514863	9.3985430057624	10.3985430057624
SMAD7	11.0092279701991	19.10234896153	10.5092279701991	11.5092279701991
SMARCD3	6.0934304339146	8.13185670703895	5.5934304339146	6.5934304339146
SOCS1	9.63665008942787	7.48241631438353	9.13665008942787	10.1366500894279
SOCS2	7.75513677996406	4.84265885003237	7.25513677996406	8.25513677996406
SOCS3	7.1072796192825	4.24411211330041	6.6072796192825	7.6072796192825
SP4	8.67088176188665	5.7926846626535	8.17088176188665	9.17088176188665
SPHK1	4.8713799379181	20.6529467905768	4.3713799379181	5.3713799379181
SPRY2	8.27764261931586	9.47816451113625	7.77764261931586	8.77764261931586
SPTBN1	9.20489500900926	12.9779958398665	8.70489500900926	9.70489500900926
SQSTM1	11.122584264563	7.18429848998408	10.622584264563	11.622584264563
STAB1	5.7931658119396	28.5300431423361	5.2931658119396	6.2931658119396
STAT1	12.2995614807356	14.1392906478418	11.7995614807356	12.7995614807356
STAT3	10.2953704217152	6.85806456087998	9.79537042171518	10.7953704217152
STAT4	11.4206279730841	6.4325728000954	10.9206279730841	11.9206279730841
STAT5A	10.1011572675352	8.34658203397027	9.60115726753518	10.6011572675352
STAT5B	9.45167634166882	12.5473958440137	8.95167634166882	9.95167634166882
STAT6	9.90632545755039	7.49206971270568	9.40632545755039	10.4063254575504
STK17A	11.7933086524241	9.6756262558073	11.2933086524241	12.2933086524241
SYK	7.7444926542059	4.85931439588216	7.2444926542059	8.2444926542059
TAP1	9.56783053712313	7.68446907497504	9.06783053712313	10.0678305371231
TAP2	9.01158444070152	11.5340980367537	8.51158444070152	9.51158444070152
TAPBP	10.9793199659501	11.039179508519	10.4793199659501	11.4793199659501
TEP1	7.67207424130782	8.67022057608317	7.17207424130782	8.17207424130782
TFCP2	8.18310096231117	9.9716440323357	7.68310096231117	8.68310096231117
TGFA	5.93241901510152	8.84766760384478	5.43241901510152	6.43241901510152
TGFB1	10.5259264872819	8.77066277021932	10.0259264872819	11.0259264872819
TGFBR3	10.065280647279	6.33249438385524	9.56528064727896	10.565280647279
TGM2	4.69287757302119	126.749506486559	4.19287757302119	5.19287757302119
THBD	5.50916467777984	4.53675012714269	5.00916467777984	6.00916467777984
TIGIT	9.14113532927564	5.10039090227837	8.64113532927564	9.64113532927564
TIMD4	4.59518696098134	86.4729864348155	4.09518696098134	5.09518696098134
TIMP3	5.21232814178898	48.7100606260012	4.71232814178898	5.71232814178898
TLR1	8.61872831903789	9.38641754355015	8.11872831903789	9.11872831903789
TLR10	5.17957116916326	7.50359721302462	4.67957116916326	5.67957116916326
TLR2	7.61588654617549	4.87953964880474	7.11588654617549	8.11588654617549
TLR3	5.9694877909156	8.94043552882228	5.4694877909156	6.4694877909156
TLR4	5.37335144448847	20.2071651671479	4.87335144448847	5.87335144448847
TLR5	5.0100423150749	7.23555425709471	4.5100423150749	5.5100423150749
TLR6	5.9001837926089	5.57086689727111	5.4001837926089	6.4001837926089
TLR7	4.94023637227557	9.1204921430159	4.44023637227557	5.44023637227557
TLR8	5.80862078043607	7.763693641803	5.30862078043607	6.30862078043607
TLR9	4.98684611243669	6.94958177990514	4.48684611243669	5.48684611243669
TM7SF3	8.84778054655625	4.98129105373624	8.34778054655625	9.34778054655625
TMEM173	7.24064628070948	10.4789641917109	6.74064628070948	7.74064628070948
TNC	4.4246243513822	0	3.9246243513822	4.9246243513822
TNF	10.1469539076659	10.6579212769979	9.64695390766589	10.6469539076659
TNFAIP3	12.7072885377798	9.43197521796106	12.2072885377798	13.2072885377798
TNFAIP6	5.78082513956487	7.8404465152464	5.28082513956487	6.28082513956487
TNFAIP8	9.13675658423823	5.7953557241529	8.63675658423823	9.63675658423823
TNFRSF11A	7.01134338655669	5.67973363703365	6.51134338655669	7.51134338655669
TNFRSF12A	5.08121817275531	5.41199981084994	4.58121817275531	5.58121817275531
TNFRSF14	6.54909730523846	6.51271556091483	6.04909730523846	7.04909730523846
TNFRSF1A	9.22824526885593	5.27905307570407	8.72824526885593	9.72824526885593
TNFRSF1B	9.44559432894069	7.47161652602278	8.94559432894069	9.94559432894069
TNFRSF4	4.96585321414921	8.25317555392036	4.46585321414921	5.46585321414921
TNFRSF8	5.05289991196604	4.54999997854733	4.55289991196604	5.55289991196604
TNFRSF9	7.55398211722972	19.3754504278211	7.05398211722972	8.05398211722972
TNFSF10	10.760616460009	10.4646330070855	10.260616460009	11.260616460009
TNFSF4	8.06969382070516	11.9148905282506	7.56969382070516	8.56969382070516
TNFSF9	7.54936481422378	6.49144282389001	7.04936481422378	8.04936481422378
TOP2A	6.8967631919761	12.5814707692863	6.3967631919761	7.3967631919761
TPSAB1	4.32192809488736	0	3.82192809488736	4.82192809488736
TRAF1	10.2924321044131	20.0776284820526	9.79243210441313	10.7924321044131
TRAF2	8.55388913228117	7.28008058904831	8.05388913228117	9.05388913228117
TRAF6	9.22899580637582	11.0904705631889	8.72899580637582	9.72899580637582
TRAFD1	10.1208407976078	33.8615266880823	9.62084079760775	10.6208407976078
TREM1	5.22464527430099	12.8849645600666	4.72464527430099	5.72464527430099
TREM2	5.79323309617837	19.9265216320829	5.29323309617837	6.29323309617837
TREX1	7.85353429220381	5.30566553678479	7.35353429220381	8.35353429220381
TSPAN8	4.32192809488736	0	3.82192809488736	4.82192809488736
TTK	6.14869805529293	9.17583641321222	5.64869805529293	6.64869805529293
TUBA1A	4.4246243513822	0	3.9246243513822	4.9246243513822
TUBA4A	8.546249982471	7.78077231877435	8.046249982471	9.046249982471
TWISTNB	8.22152899431065	7.63456672776108	7.72152899431065	8.72152899431065
TXN	11.8640332306668	7.21575975899991	11.3640332306668	12.3640332306668
TXNDC16	7.75438040266763	6.79044832618185	7.25438040266763	8.25438040266763
TYROBP	12.1640914956349	18.6145066546433	11.6640914956349	12.6640914956349
USP18	6.23221598084299	6.94012031845849	5.73221598084299	6.73221598084299
VAMP2	9.69722178235969	7.03343761394287	9.19722178235969	10.1972217823597
VASP	10.0359195755806	18.8883160327203	9.53591957558057	10.5359195755806
VAV1	9.46816519895323	10.3218769612168	8.96816519895323	9.96816519895323
VAV2	5.57458600683981	6.14958269260489	5.07458600683981	6.07458600683981
VCAM1	5.41616060208806	12.0461477015024	4.91616060208806	5.91616060208806
VEGFA	7.83963671208028	11.9203327799963	7.33963671208028	8.33963671208028
VEGFC	4.85899721078947	96.3596048266592	4.35899721078947	5.35899721078947
VRK2	7.9585464231515	9.19111957338947	7.4585464231515	8.4585464231515
VTCN1	4.32192809488736	0	3.82192809488736	4.82192809488736
VWA5A	5.70606299753618	8.6402299877386	5.20606299753618	6.20606299753618
WAS	9.38932611512388	4.71616512816138	8.88932611512388	9.88932611512388
XCR1	4.32192809488736	0	3.82192809488736	4.82192809488736
YAP1	4.83518753491533	15.0273059232715	4.33518753491533	5.33518753491533
YES1	10.3659429392451	8.45857588195283	9.86594293924511	10.8659429392451
ZFP92	5.99296732698834	6.32575926026435	5.49296732698834	6.49296732698834
ZNF148	9.38487444390317	8.53452431263251	8.88487444390317	9.88487444390317
ZNRF2	10.0851010374945	14.4065086600304	9.58510103749446	10.5851010374945
ABCF1	9.53000308644318	10.3159996276288	9.03000308644318	10.0300030864432
AGK	9.27455592324149	8.18684723561186	8.77455592324149	9.77455592324149
ALAS1	6.25085392148671	6.75697677713019	5.75085392148671	6.75085392148671
AMMECR1L	8.09100257290054	15.1978870777027	7.59100257290054	8.59100257290054
CC2D1B	8.70281280146125	5.55822909085902	8.20281280146125	9.20281280146125
CNOT10	7.98571810195034	5.14199832458237	7.48571810195034	8.48571810195034
CNOT4	9.09384006533494	11.8964689332656	8.59384006533494	9.59384006533494
COG7	7.97782538658312	12.0422312505748	7.47782538658312	8.47782538658312
DDX50	9.27472266110497	4.9913625038301	8.77472266110497	9.77472266110497
DHX16	7.08526968685708	3.99178427722188	6.58526968685708	7.58526968685708
DNAJC14	6.82305021253512	4.47977975558918	6.32305021253512	7.32305021253512
EDC3	8.46506311012402	6.9600680303946	7.96506311012402	8.96506311012402
EIF2B4	8.80561852622975	6.40303732936083	8.30561852622975	9.30561852622975
ERCC3	7.38031251633646	5.18513491116396	6.88031251633646	7.88031251633646
FCF1	10.3346859707373	6.0770772577311	9.83468597073734	10.8346859707373
G6PD	9.70170726438852	15.9940473741378	9.20170726438852	10.2017072643885
GPATCH3	6.02623383366401	11.5630258463419	5.52623383366401	6.52623383366401
GUSB	9.32110986302065	9.2859118834348	8.82110986302065	9.82110986302065
HDAC3	8.34577271594332	15.5984188762333	7.84577271594332	8.84577271594332
HPRT1	9.09541713822244	30.1921727018099	8.59541713822244	9.59541713822244
MRPS5	9.65159431110616	6.77600539675165	9.15159431110616	10.1515943111062
MTMR14	8.48381399856071	14.9962330937113	7.98381399856071	8.98381399856071
NOL7	9.357529648244	5.61085674593125	8.857529648244	9.857529648244
NUBP1	8.6232938385672	5.69168747424579	8.1232938385672	9.1232938385672
POLR2A	9.52143968027258	6.37752700408857	9.02143968027258	10.0214396802726
PPIA	13.3382184832312	8.70215979743456	12.8382184832312	13.8382184832312
PRPF38A	10.3768532990315	6.35067930703106	9.87685329903154	10.8768532990315
SAP130	8.53695788250015	7.01477047191712	8.03695788250015	9.03695788250015
SDHA	8.24179163193356	10.4618178998462	7.74179163193356	8.74179163193356
SF3A3	8.62768046050331	10.3496639139983	8.12768046050331	9.12768046050331
TBP	8.79406148236361	12.7460403334058	8.29406148236361	9.29406148236361
TLK2	8.95428193171708	7.27340293217212	8.45428193171708	9.45428193171708
TMUB2	7.14523318774746	8.03133346145831	6.64523318774746	7.64523318774746
TRIM39	7.04521567655308	21.4232538581267	6.54521567655308	7.54521567655308
TUBB	10.3396439870378	11.2234550930434	9.83964398703783	10.8396439870378
USP39	8.63814194628732	8.31480246174566	8.13814194628732	9.13814194628732
ZC3H14	8.67402962817112	7.88654509085638	8.17402962817112	9.17402962817112
ZKSCAN5	6.21622735303705	5.74029761952532	5.71622735303705	6.71622735303705
ZNF143	8.24701116658465	13.8094319483559	7.74701116658465	8.74701116658465
ZNF346	5.96719302739043	24.1208873468673	5.46719302739043	6.46719302739043
ARG1	4.32192809488736	0	3.82192809488736	4.82192809488736
ERCC_00096.1	4.37459309610349	6.98760749369342	3.87459309610349	4.87459309610349
ERCC_00041.1	3.9526901688834	5.33910461672502	3.4526901688834	4.4526901688834
ERCC_00019.1	3.38910783980281	6.46543694731074	2.88910783980281	3.88910783980281
ERCC_00076.1	2.9035039371621	6.10808249156552	2.4035039371621	3.4035039371621
ERCC_00098.1	4.64731314454137	11.424095173282	4.14731314454137	5.14731314454137
ERCC_00126.1	4.84392631168252	10.1476914604807	4.34392631168252	5.34392631168252
ERCC_00144.1	3.7266451941576	4.70831523712096	3.2266451941576	4.2266451941576
ERCC_00154.1	3.64658406696736	5.6437740633079	3.14658406696736	4.14658406696736
ERCC_00117.1	15.7651506221906	6.78181944663027	15.2651506221906	16.2651506221906
ERCC_00112.1	14.241047424444	9.06245004725915	13.741047424444	14.741047424444
ERCC_00002.1	12.4078802818788	7.71895054913339	11.9078802818788	12.9078802818788
ERCC_00092.1	9.92421997037164	4.67241069781189	9.42421997037164	10.4242199703716
ERCC_00035.1	7.43998907656585	5.36965207992464	6.93998907656585	7.93998907656585
ERCC_00034.1	6.68097495026137	10.0588535860106	6.18097495026137	7.18097495026137
